#rname	startpos	endpos	numreads	covbases	coverage	meandepth	meanbaseq	meanmapq
NODE_1_length_1135693_cov_34.345393	1	1135693	637515	1135693	100	84.0499	35.1	59.9
NODE_2_length_848941_cov_34.707477	1	848941	480588	848941	100	84.7874	35.1	59.9
NODE_3_length_804149_cov_35.572006	1	804149	466695	804149	100	86.9121	35.1	59.9
NODE_4_length_740313_cov_35.588518	1	740313	429995	740313	100	87.0067	35.1	60
NODE_5_length_640544_cov_35.711649	1	640544	374299	640544	100	87.4821	35.1	59.9
NODE_6_length_557872_cov_36.374530	1	557872	332956	557784	99.9842	89.313	35.1	59.8
NODE_7_length_530878_cov_33.793516	1	530878	291626	530878	100	82.2767	35.1	59.9
NODE_8_length_522024_cov_34.378201	1	522024	293081	522024	100	84.0951	35.1	59.9
NODE_9_length_476298_cov_34.731746	1	476298	270843	476298	100	85.1553	35.1	59.9
NODE_10_length_449190_cov_35.467174	1	449190	260680	449190	100	86.8769	35.1	60
NODE_11_length_368608_cov_34.257512	1	368608	205961	368608	100	83.6814	35.1	60
NODE_12_length_362954_cov_36.374000	1	362954	215149	362954	100	88.8078	35.1	60
NODE_13_length_337202_cov_35.682628	1	337202	196367	337202	100	87.1998	35.1	59.9
NODE_14_length_294507_cov_35.698461	1	294507	172290	294507	100	87.5658	35.1	59.9
NODE_15_length_287902_cov_34.952700	1	287902	164714	287902	100	85.7022	35.1	60
NODE_16_length_284128_cov_34.288674	1	284128	158437	284128	100	83.5588	35.1	59.9
NODE_17_length_243518_cov_35.854462	1	243518	142506	243518	100	87.6482	35.1	59.9
NODE_18_length_230432_cov_36.954110	1	230432	139145	230432	100	90.4735	35.1	59.9
NODE_19_length_228349_cov_36.627160	1	228349	134141	228349	100	87.8749	35.1	59.6
NODE_20_length_209959_cov_37.772344	1	209959	129395	209959	100	92.343	35.1	59.8
NODE_21_length_188953_cov_37.114207	1	188953	113986	188953	100	90.3674	35.1	60
NODE_22_length_178321_cov_34.836471	1	178321	101620	178321	100	85.3339	35.1	59.9
NODE_23_length_167057_cov_34.435597	1	167057	94625	167057	100	84.5618	35.1	59.4
NODE_24_length_157916_cov_35.173132	1	157916	91046	157916	100	86.2662	35.1	59.9
NODE_25_length_134160_cov_34.375424	1	134160	75623	134160	100	84.4202	35.1	59.9
NODE_26_length_118848_cov_34.222900	1	118848	66223	118848	100	83.4704	35.1	59.9
NODE_27_length_91049_cov_36.745669	1	91049	54772	91049	100	90.0917	35.1	59.9
NODE_28_length_88140_cov_35.405289	1	88140	50804	88140	100	86.299	35.1	59.9
NODE_29_length_83093_cov_34.933748	1	83093	47364	83093	100	85.3858	35.1	60
NODE_30_length_78574_cov_38.432029	1	78574	50991	78574	100	96.749	35.1	58.7
NODE_31_length_71014_cov_37.449328	1	71014	44823	71014	100	94.168	35.1	59.2
NODE_32_length_59158_cov_35.333948	1	59158	33749	59107	99.9138	85.4811	35.1	59.8
NODE_33_length_46399_cov_38.727473	1	46399	29249	46399	100	94.3005	35.1	59.8
NODE_34_length_40180_cov_34.471262	1	40180	22800	40180	100	84.7689	35.1	59.8
NODE_35_length_34246_cov_38.256548	1	34246	23889	34246	100	96.5422	35.1	53.9
NODE_36_length_30612_cov_44.364696	1	30612	25540	30612	100	120.279	35.1	53.5
NODE_37_length_27745_cov_30.498663	1	27745	13787	27745	100	74.4505	35.1	59.8
NODE_38_length_26805_cov_463.564202	1	26805	197716	26805	100	1090.86	35.2	60
NODE_39_length_24506_cov_33.273241	1	24506	13331	24506	100	81.158	35.1	59.6
NODE_40_length_22223_cov_34.879572	1	22223	13035	22223	100	86.3656	35.1	58.7
NODE_41_length_19318_cov_41.783067	1	19318	13021	19318	100	100.059	35.2	58.7
NODE_42_length_19276_cov_39.963123	1	19276	13763	19276	100	106.182	35.1	57.9
NODE_43_length_15682_cov_41.673887	1	15682	10586	15682	100	100.817	35.1	59.8
NODE_44_length_11376_cov_49.519249	1	11376	9884	11376	100	127.498	34.9	57.8
NODE_45_length_9783_cov_57.378735	1	9783	14616	9783	100	213.934	35.1	51.1
NODE_46_length_8367_cov_32.945476	1	8367	4671	8367	100	82.4255	35.1	57.4
NODE_47_length_7946_cov_40.040285	1	7946	5191	7946	100	97.669	35.1	59.5
NODE_48_length_6648_cov_62.788769	1	6648	6418	6648	100	142.295	34.7	42.4
NODE_49_length_5830_cov_42.884756	1	5830	4038	5830	100	103.186	35.1	58.3
NODE_50_length_4189_cov_43.888132	1	4189	2925	4189	100	104.087	35.2	59.7
NODE_51_length_3835_cov_45.587014	1	3835	2873	3835	100	111.305	35.1	58.7
NODE_52_length_3799_cov_734.977431	1	3799	43197	3799	100	1698.4	35.1	59.8
NODE_53_length_2247_cov_44.824885	1	2247	1585	2247	100	105.173	35.1	59.2
NODE_54_length_2139_cov_687.578565	1	2139	22592	2139	100	1572.66	35	59.7
NODE_55_length_1834_cov_40.501423	1	1834	1168	1834	100	94.6952	35	59.3
NODE_56_length_1754_cov_624.626118	1	1754	17112	1754	100	1438.48	34.9	59.6
NODE_57_length_1245_cov_703.284247	1	1245	13050	1245	100	1552.34	35.1	59.3
NODE_58_length_1223_cov_60.545375	1	1223	1168	1223	100	142.587	35.1	58.9
NODE_59_length_1084_cov_596.623635	1	1084	9891	1084	100	1358.54	35.2	57.7
NODE_60_length_1051_cov_69.619097	1	1051	1094	1051	100	154.652	35.2	59.7
NODE_61_length_1049_cov_37.745885	1	1049	658	1049	100	90.5357	34.9	57
NODE_62_length_1005_cov_59.797414	1	1005	1302	1005	100	189.248	34.8	51.9
NODE_63_length_994_cov_46.688113	1	994	954	994	100	143.279	35.4	54.7
NODE_64_length_983_cov_76.973510	1	983	1348	983	100	199.904	35.1	55.8
NODE_65_length_926_cov_53.991755	1	926	920	926	100	147.712	35.3	55.3
NODE_66_length_880_cov_233.921544	1	880	3443	880	100	564.314	34.8	38.5
NODE_67_length_870_cov_39.915511	1	870	517	870	100	87.6034	35.1	58.4
NODE_68_length_843_cov_570.258486	1	843	6999	843	100	1226.93	35	59.4
NODE_69_length_824_cov_48.452477	1	824	630	824	100	111.382	35.1	55.6
NODE_70_length_751_cov_80.581602	1	751	874	751	100	170.879	35.2	58.8
NODE_71_length_725_cov_61.091049	1	725	2443	725	100	479.516	34.6	40.8
NODE_72_length_687_cov_61.688525	1	687	639	687	100	137.63	35.3	57.9
NODE_73_length_620_cov_678.508287	1	620	5866	620	100	1394.75	35	59.2
NODE_74_length_546_cov_654.616205	1	546	5016	546	100	1342.3	35	58.7
NODE_75_length_527_cov_64.682222	1	527	590	527	100	162.59	35	55
NODE_76_length_517_cov_77.593182	1	517	1259	517	100	352.451	34.4	45.4
NODE_77_length_491_cov_65.045894	1	491	505	491	100	152.727	34.8	53.6
NODE_78_length_485_cov_69.612745	1	485	479	485	100	143.441	34.8	58.6
NODE_79_length_475_cov_87.520101	1	475	534	475	100	165.177	35.5	59.5
NODE_80_length_454_cov_435.015915	1	454	2958	454	100	914.258	35.2	53.6
NODE_81_length_449_cov_74.790323	1	449	457	449	100	149.053	35.2	59.1
NODE_82_length_437_cov_113.005556	1	437	747	437	100	242.979	34.6	56.4
NODE_83_length_408_cov_549.380665	1	408	2978	408	100	1065.86	34.9	57.2
NODE_84_length_402_cov_78.732308	1	402	460	402	100	166.721	35.2	54.7
NODE_85_length_389_cov_58.525641	1	389	285	389	100	107.576	35	59.5
NODE_86_length_383_cov_581.254902	1	383	3070	383	100	1149.75	35.2	54.7
NODE_87_length_376_cov_554.785953	1	376	2712	376	100	1044.15	34.7	58.4
NODE_88_length_362_cov_36.417544	1	362	136	362	100	55.2818	35.4	52.1
NODE_89_length_361_cov_291.950704	1	361	2186	361	100	877.36	34.7	49.8
NODE_90_length_357_cov_66.800000	1	357	307	357	100	125.129	34.7	59.1
NODE_91_length_356_cov_672.322581	1	356	3122	356	100	1267.1	34.7	58.5
NODE_92_length_356_cov_95.401434	1	356	372	356	100	151.27	34.2	37.6
NODE_93_length_345_cov_65.126866	1	345	271	345	100	113.304	35.4	58.8
NODE_94_length_343_cov_933.812030	1	343	3973	343	100	1680.09	35	58.1
NODE_95_length_333_cov_93.578125	1	333	373	333	100	155.823	35.4	56.3
NODE_96_length_322_cov_140.991837	1	322	559	322	100	251.261	35	58.1
NODE_97_length_307_cov_41.082609	1	307	133	307	100	63.7622	35.4	59.1
NODE_98_length_301_cov_501.964286	1	301	3198	301	100	1453.34	35	41.5
NODE_99_length_299_cov_79.698198	1	299	283	299	100	135.538	35.4	58.2
NODE_100_length_293_cov_73.824074	1	293	268	293	100	129.222	35.1	57.7
NODE_101_length_282_cov_275.985366	1	282	1183	282	100	596.27	35.1	46.4
NODE_102_length_275_cov_65.858586	1	275	554	275	100	276.913	34.7	38.8
NODE_103_length_275_cov_37.636364	1	275	123	275	100	62.6073	34.4	55.9
NODE_104_length_272_cov_126.251282	1	272	559	272	100	290.526	35	50.7
NODE_105_length_266_cov_450.756614	1	266	1633	266	100	875.244	35.2	44.7
NODE_106_length_266_cov_43.735450	1	266	168	266	100	90.2444	35.3	43.7
NODE_107_length_259_cov_244.950549	1	259	730	259	100	400.382	34.9	47.9
NODE_108_length_259_cov_160.796703	1	259	575	259	100	318.942	34.7	52.3
NODE_109_length_259_cov_127.208791	1	259	345	259	100	190.942	35.5	57.2
NODE_110_length_253_cov_280.795455	1	253	1184	253	100	500.783	35.1	39
NODE_111_length_243_cov_46.759036	1	243	293	243	100	171.465	34.7	42.8
NODE_112_length_238_cov_326.826087	1	238	1049	238	100	629.639	34.4	49.2
NODE_113_length_237_cov_89.493750	1	237	142	237	100	85.8987	35	43.8
NODE_114_length_237_cov_38.700000	1	237	72	237	100	41.7046	34.8	45.1
NODE_115_length_233_cov_92.000000	1	233	273	233	100	165.562	34.9	51.4
NODE_116_length_232_cov_397.264516	1	232	1165	232	100	706.922	35.1	51.4
NODE_117_length_230_cov_44.281046	1	230	66	230	100	41.5783	35.7	40.4
NODE_118_length_227_cov_559.546667	1	227	4192	227	100	2556.15	34.5	47.6
NODE_119_length_226_cov_75.744966	1	226	193	226	100	121.106	35	57.6
NODE_120_length_226_cov_28.483221	1	226	30	226	100	18.6681	34.8	45.6
NODE_121_length_224_cov_291.054422	1	224	323	224	100	212.031	35.2	49.7
NODE_122_length_220_cov_46.139860	1	220	111	220	100	68.2136	34.9	50.7
NODE_123_length_220_cov_32.370629	1	220	51	220	100	32.9	35.2	39.7
NODE_124_length_219_cov_199.781690	1	219	657	219	100	380.895	34.7	42.6
NODE_125_length_214_cov_22.496350	1	214	63	214	100	38.8972	34.3	45.4
NODE_126_length_211_cov_52.029851	1	211	155	211	100	101.9	34.6	46.9
NODE_127_length_210_cov_51.932331	1	210	101	210	100	65.0333	34.8	44.4
NODE_128_length_209_cov_166.893939	1	209	23394	209	100	15444.4	32.3	43.6
NODE_129_length_209_cov_49.613636	1	209	106	209	100	69.0144	35.3	52.5
NODE_130_length_208_cov_26.267176	1	208	59	208	100	32.1394	35.2	43.4
NODE_131_length_206_cov_42.713178	1	206	22	206	100	15.6068	35	41
NODE_132_length_205_cov_58.320312	1	205	116	205	100	78.7756	35.5	58.1
NODE_133_length_203_cov_87.507937	1	203	148	203	100	103.261	35.2	44.7
NODE_134_length_199_cov_77.147541	1	199	159	199	100	110.055	35.1	51.4
NODE_135_length_198_cov_55.264463	1	198	303	198	100	184.52	35.1	26.7
NODE_136_length_197_cov_65.725000	1	197	204	197	100	142.863	34.3	40.4
NODE_137_length_196_cov_322.991597	1	196	414	196	100	297.526	35.1	39.4
NODE_138_length_196_cov_162.142857	1	196	311	196	100	215.056	35.1	54.7
NODE_139_length_196_cov_16.983193	1	196	159	196	100	94.7653	33.7	34.4
NODE_140_length_194_cov_34.247863	1	194	62	194	100	43.6598	35.6	44.9
NODE_141_length_194_cov_29.700855	1	194	62	194	100	44.2938	34.9	47.2
NODE_142_length_193_cov_38.750000	1	193	75	193	100	53.4508	34.9	45.5
NODE_143_length_193_cov_24.025862	1	193	46	193	100	33.3834	35.3	44.9
NODE_144_length_191_cov_46.614035	1	191	58	191	100	41.911	34.7	51.3
NODE_145_length_190_cov_97.398230	1	190	202	190	100	147.884	35.1	45.8
NODE_146_length_190_cov_36.044248	1	190	334	190	100	139.5	35.1	11.6
NODE_147_length_189_cov_37.741071	1	189	75	189	100	54.8624	34.7	50.5
NODE_148_length_188_cov_32.414414	1	188	87	188	100	62.7766	34.1	46.1
NODE_149_length_185_cov_54.555556	1	185	138	185	100	98.7838	34	51.6
NODE_150_length_181_cov_106.057692	1	181	270	181	100	194.95	34.8	52.4
NODE_151_length_179_cov_258.401961	1	179	555	179	100	414.687	34.6	48.4
NODE_152_length_179_cov_54.294118	1	179	86	179	100	64.8715	35.3	55.7
NODE_153_length_178_cov_48.772277	1	178	91	178	100	57.0618	35	37.7
NODE_154_length_177_cov_378.400000	1	177	1237	177	100	938.695	34.7	29.4
NODE_155_length_176_cov_238.131313	1	176	259	176	100	201.602	34.8	45.7
NODE_156_length_176_cov_157.313131	1	176	2314	176	100	1786.77	34.6	37.3
NODE_157_length_176_cov_34.242424	1	176	58	176	100	44.1136	35.1	48.6
NODE_158_length_175_cov_294.234694	1	175	405	175	100	313.766	34.5	50.6
NODE_159_length_170_cov_100.000000	1	170	62	170	100	45.2059	34.4	24.7
NODE_160_length_169_cov_163.663043	1	169	272	169	100	211.03	35.1	49.4
NODE_161_length_165_cov_533.295455	1	165	672	165	100	530.976	35.3	50.9
NODE_162_length_164_cov_36.988506	1	164	217	164	100	183.47	34.4	40.3
NODE_163_length_164_cov_25.919540	1	164	160	164	100	132.823	33.6	32
NODE_164_length_163_cov_31.209302	1	163	466	163	100	381.362	34.8	27.7
NODE_165_length_162_cov_112.282353	1	162	1547	162	100	1228.52	34.8	30.9
NODE_166_length_162_cov_34.247059	1	162	79	162	100	50.1914	34.7	32.4
NODE_167_length_161_cov_132.785714	1	161	246	161	100	191.975	34.7	48.3
NODE_168_length_161_cov_61.464286	1	161	90	161	100	73.0807	35.4	52
NODE_169_length_160_cov_159.192771	1	160	64	160	100	53.0562	34.6	27.8
NODE_170_length_160_cov_89.265060	1	160	130	160	100	104.838	35.1	41.8
NODE_171_length_158_cov_174.370370	1	158	254	158	100	211.703	34.4	51.8
NODE_172_length_158_cov_56.814815	1	158	111	158	100	89.9873	34.5	39
NODE_173_length_157_cov_14.000000	1	157	128	157	100	94.1783	34.2	23.4
NODE_174_length_156_cov_47.797468	1	156	43	156	100	36.9936	35.2	37.3
NODE_175_length_156_cov_15.987342	1	156	28	156	100	21.5192	34.3	48.9
NODE_176_length_155_cov_321.589744	1	155	422	155	100	359.51	35	30.3
NODE_177_length_155_cov_306.935897	1	155	421	155	100	357.555	34.8	29.2
NODE_178_length_155_cov_251.448718	1	155	150	155	100	126.632	35.4	23.7
NODE_179_length_155_cov_217.576923	1	155	132	155	100	113.535	35.2	25.3
NODE_180_length_155_cov_200.628205	1	155	82	155	100	32.6968	34.8	39.3
NODE_181_length_155_cov_194.038462	1	155	42	155	100	32.8516	33.6	27.5
NODE_182_length_155_cov_84.923077	1	155	218	155	100	173.29	34.3	23.8
NODE_183_length_155_cov_83.230769	1	155	1749	155	100	1096.19	27.4	19.3
NODE_184_length_155_cov_75.910256	1	155	102	155	100	88.6194	35.4	27.3
NODE_185_length_155_cov_68.871795	1	155	143	155	100	119.606	34.6	39.8
NODE_187_length_155_cov_48.820513	1	155	18	155	100	15.2387	35.6	22.9
NODE_188_length_155_cov_47.205128	1	155	6	155	100	5.83226	36.8	47.7
NODE_189_length_155_cov_44.782051	1	155	7	155	100	4.33548	34.3	7.43
NODE_190_length_155_cov_40.435897	1	155	17	155	100	15.071	36.1	24.7
NODE_191_length_155_cov_40.320513	1	155	331	155	100	279.587	34.6	17.3
NODE_192_length_155_cov_40.307692	1	155	8	155	100	7.25806	35.2	12.8
NODE_193_length_155_cov_39.717949	1	155	258	155	100	211.568	34.6	35.9
NODE_194_length_155_cov_39.615385	1	155	202	155	100	168.748	34.4	33.2
NODE_195_length_155_cov_39.205128	1	155	4	152	98.0645	2.42581	34.4	11
NODE_196_length_155_cov_37.743590	1	155	16	155	100	14.3097	35.4	21.2
NODE_197_length_155_cov_36.846154	1	155	18	155	100	16.0452	36.1	34.8
NODE_198_length_155_cov_36.051282	1	155	46	155	100	38.9032	35.8	33.8
NODE_199_length_155_cov_35.756410	1	155	21	155	100	17.9355	35.4	12.2
NODE_200_length_155_cov_35.692308	1	155	5	132	85.1613	2.8129	34	21.8
NODE_201_length_155_cov_35.153846	1	155	24	155	100	19.1677	35.1	37
NODE_202_length_155_cov_35.102564	1	155	55	155	100	47	34.6	37
NODE_203_length_155_cov_34.782051	1	155	638	155	100	553.432	34.9	34.1
NODE_204_length_155_cov_34.256410	1	155	13	155	100	10.7161	32.3	29.6
NODE_205_length_155_cov_34.064103	1	155	16	155	100	13.7484	34.8	19.8
NODE_207_length_155_cov_31.705128	1	155	35	155	100	30.4581	34.9	31.3
NODE_208_length_155_cov_31.358974	1	155	37	155	100	31.6129	35.4	31.1
NODE_209_length_155_cov_30.871795	1	155	5	155	100	4.67097	33	12.4
NODE_210_length_155_cov_30.705128	1	155	3	153	98.7097	2.70968	32	6
NODE_212_length_155_cov_30.115385	1	155	16	155	100	13.6774	36.1	22.4
NODE_213_length_155_cov_27.269231	1	155	2	151	97.4194	1.49032	35.7	9.5
NODE_214_length_155_cov_27.243590	1	155	32	155	100	27.6581	36	25.1
NODE_215_length_155_cov_26.858974	1	155	1311	155	100	991.729	26.2	5.24
NODE_216_length_155_cov_24.897436	1	155	12	155	100	10.1935	35.9	20.8
NODE_217_length_155_cov_24.474359	1	155	15	153	98.7097	13.1484	34.3	23.7
NODE_218_length_155_cov_22.358974	1	155	15	155	100	12.4645	35.1	14.1
NODE_219_length_155_cov_21.166667	1	155	1	31	20	0.2	35.4	0
NODE_220_length_155_cov_20.474359	1	155	477	155	100	415.871	32.6	21.6
NODE_221_length_155_cov_14.935897	1	155	826	155	100	712.735	26.7	11.4
NODE_222_length_155_cov_12.782051	1	155	375	155	100	340.277	32.5	9.79
NODE_223_length_154_cov_189.610390	1	154	400	154	100	314.052	34.3	40.5
NODE_224_length_154_cov_30.675325	1	154	39	154	100	33.3247	35.1	43.5
NODE_225_length_154_cov_26.103896	1	154	1543	154	100	1399.19	27.7	25.9
NODE_226_length_154_cov_22.480519	1	154	470	154	100	346.864	26.5	24.8
NODE_227_length_154_cov_13.597403	1	154	338	154	100	279.104	31.8	10.9
NODE_228_length_153_cov_56.289474	1	153	967	153	100	738.908	26.1	25.1
NODE_229_length_153_cov_29.671053	1	153	38	153	100	17.6275	30.8	15.2
NODE_230_length_153_cov_21.842105	1	153	33	153	100	25.2941	34.5	45.7
NODE_231_length_152_cov_341.986667	1	152	1611	152	100	1384.61	34.9	43.2
NODE_232_length_152_cov_41.746667	1	152	73	152	100	59.4276	35.1	49.9
NODE_233_length_152_cov_32.120000	1	152	136	152	100	122.27	33.3	16.7
NODE_234_length_152_cov_24.280000	1	152	32	152	100	27.5789	33.8	57.5
NODE_235_length_152_cov_7.733333	1	152	283	152	100	244.059	34.6	25.2
NODE_236_length_151_cov_45.297297	1	151	67	151	100	55.2517	34.5	48.1
NODE_237_length_151_cov_39.135135	1	151	29	151	100	25.8609	35.4	30.8
NODE_238_length_151_cov_34.054054	1	151	135	151	100	102.258	34.4	32.8
NODE_239_length_150_cov_148.068493	1	150	1317	150	100	1033.85	26.5	16.3
NODE_240_length_150_cov_107.068493	1	150	1557	150	100	1232	26.2	18.5
NODE_241_length_150_cov_24.753425	1	150	436	150	100	361.207	26	3.16
NODE_242_length_150_cov_12.835616	1	150	533	150	100	403.44	25.2	2.47
NODE_243_length_149_cov_1688.361111	1	149	933	149	100	781.98	35	13.7
NODE_244_length_149_cov_375.041667	1	149	382	149	100	332.349	34.9	29.5
NODE_245_length_149_cov_364.944444	1	149	446	149	100	379.886	35	47.6
NODE_246_length_149_cov_356.013889	1	149	1623	149	100	1435.27	34.6	51.4
NODE_247_length_149_cov_102.194444	1	149	167	149	100	144.349	34.4	21.5
NODE_248_length_149_cov_67.569444	1	149	401	149	100	350.866	34.5	30.2
NODE_249_length_149_cov_32.597222	1	149	229	149	100	209	34.7	30.3
NODE_250_length_148_cov_209.563380	1	148	209	148	100	184.791	35.2	28.6
NODE_251_length_148_cov_43.957746	1	148	145	148	100	129.399	34.5	40.5
NODE_252_length_148_cov_13.436620	1	148	854	148	100	752.946	25.9	5.79
NODE_253_length_147_cov_2140.114286	1	147	3745	147	100	2990.47	34.7	41.2
NODE_254_length_147_cov_47.185714	1	147	61	147	100	52.8639	35.1	44.3
NODE_255_length_147_cov_17.457143	1	147	39	147	100	20.5578	34.2	42.5
NODE_256_length_146_cov_310.492754	1	146	621	146	100	527.096	34.9	33.2
NODE_257_length_146_cov_44.724638	1	146	559	146	100	507.233	34.2	34.1
NODE_258_length_146_cov_37.768116	1	146	2	100	68.4932	1.32192	34.6	4
NODE_259_length_146_cov_31.231884	1	146	1109	146	100	893.603	25.8	4.52
NODE_260_length_146_cov_27.710145	1	146	380	146	100	345.274	33.9	28
NODE_261_length_145_cov_122.235294	1	145	29	145	100	26.1793	35	14.9
NODE_262_length_145_cov_37.308824	1	145	253	145	100	121.428	35.1	8.99
NODE_263_length_145_cov_30.852941	1	145	49	145	100	42.069	34.4	47.7
NODE_264_length_144_cov_271.223881	1	144	120	144	100	97.8125	33.8	14.9
NODE_265_length_144_cov_166.626866	1	144	165	144	100	148.132	35.2	54.5
NODE_266_length_144_cov_62.044776	1	144	115	144	100	97.7778	33	25.4
NODE_267_length_143_cov_155.651515	1	143	143	143	100	129.937	35.4	51.4
NODE_268_length_143_cov_72.000000	1	143	21	143	100	17.0559	34.5	25.4
NODE_269_length_143_cov_62.424242	1	143	344	143	100	211.07	25.7	5.1
NODE_270_length_143_cov_55.803030	1	143	55	143	100	49.6503	35.5	49.1
NODE_271_length_143_cov_51.636364	1	143	34	143	100	30.6923	34.5	21.8
NODE_272_length_143_cov_46.409091	1	143	1000	143	100	913.629	34.1	38.6
NODE_273_length_143_cov_44.212121	1	143	78	143	100	62.3287	34.5	9.91
NODE_274_length_143_cov_39.681818	1	143	1848	143	100	1670.7	34.4	33.2
NODE_275_length_143_cov_37.196970	1	143	292	143	100	255.441	34.1	33.4
NODE_276_length_143_cov_27.318182	1	143	574	143	100	424.727	25.5	4.76
NODE_277_length_143_cov_26.227273	1	143	84	143	100	70.8881	33.6	32.5
NODE_278_length_142_cov_138.753846	1	142	202	142	100	177.451	33.4	26.4
NODE_279_length_142_cov_57.400000	1	142	154	142	100	124.028	34.6	30
NODE_280_length_142_cov_34.061538	1	142	657	142	100	601.845	34.8	32.7
NODE_281_length_141_cov_93.656250	1	141	154	141	100	133.936	33.5	19.5
NODE_282_length_141_cov_40.046875	1	141	80	141	100	65.6383	32.8	18.3
NODE_283_length_141_cov_38.578125	1	141	104	141	100	86.0213	35.1	33.5
NODE_284_length_140_cov_149.523810	1	140	655	140	100	591.821	34.8	39.8
NODE_285_length_140_cov_82.809524	1	140	108	140	100	98.4357	35.4	42
NODE_286_length_140_cov_46.428571	1	140	57	140	100	49.5714	35.1	44.5
NODE_287_length_140_cov_38.523810	1	140	4	140	100	1.69286	30.9	1.75
NODE_288_length_140_cov_34.841270	1	140	333	140	100	283.693	33.5	30.2
NODE_289_length_140_cov_33.873016	1	140	34	140	100	29.2071	35	45.8
NODE_290_length_140_cov_28.444444	1	140	10	140	100	7.88571	36	23
NODE_291_length_140_cov_19.746032	1	140	150	140	100	126.736	33.9	24.8
NODE_292_length_139_cov_2051.016129	1	139	1968	139	100	1816.72	35.2	21.5
NODE_293_length_139_cov_47.758065	1	139	32	139	100	27.4388	34.7	31.6
NODE_294_length_139_cov_14.274194	1	139	39	139	100	28.8489	32.4	2.74
NODE_295_length_139_cov_12.193548	1	139	563	139	100	526.583	35.1	10.8
NODE_296_length_138_cov_104.245902	1	138	1376	138	100	1177.04	27.4	21.1
NODE_297_length_138_cov_98.606557	1	138	862	138	100	786.051	34.7	41.6
NODE_298_length_138_cov_88.737705	1	138	160	138	100	135.659	34.8	40.1
NODE_299_length_137_cov_101.050000	1	137	109	137	100	96.5766	34.1	19.9
NODE_300_length_137_cov_94.266667	1	137	94	137	100	77.5693	34.4	22.9
NODE_301_length_137_cov_85.650000	1	137	103	137	100	96.0146	34.5	27
NODE_302_length_137_cov_47.516667	1	137	154	137	100	121.577	34.4	11.9
NODE_303_length_135_cov_58.413793	1	135	3	120	88.8889	1.25185	33.5	10.3
NODE_304_length_135_cov_57.431034	1	135	3	93	68.8889	1.40741	36.8	8
NODE_305_length_135_cov_48.482759	1	135	155	135	100	103.126	35	28.4
NODE_306_length_134_cov_296.649123	1	134	385	134	100	351.097	34.3	33.6
NODE_307_length_134_cov_262.929825	1	134	282	134	100	258.209	34.4	23.5
NODE_308_length_134_cov_238.350877	1	134	219	134	100	199.746	34.8	19
NODE_309_length_134_cov_199.543860	1	134	485	134	100	459.515	34.7	19.9
NODE_310_length_134_cov_29.403509	1	134	87	134	100	78.0672	33.6	11.8
NODE_311_length_134_cov_28.140351	1	134	63	134	100	58.9627	34.7	33.4
NODE_312_length_134_cov_17.192982	1	134	15	134	100	14.2463	34.7	55
NODE_313_length_134_cov_16.859649	1	134	45	134	100	35.0149	33.7	26.8
NODE_314_length_133_cov_358.017857	1	133	464	133	100	431.962	35	39.6
NODE_315_length_133_cov_74.285714	1	133	36	133	100	34.6992	34.9	18.4
NODE_316_length_133_cov_37.553571	1	133	50	133	100	45.5789	34.7	46.6
NODE_317_length_133_cov_34.357143	1	133	47	133	100	43.2782	35	23.1
NODE_318_length_133_cov_22.732143	1	133	1833	133	100	1753.19	34.8	27.6
NODE_319_length_133_cov_14.910714	1	133	466	133	100	348.188	25.5	3.43
NODE_320_length_133_cov_14.125000	1	133	1936	133	100	1812.08	35	34.9
NODE_321_length_132_cov_223.436364	1	132	123	132	100	111.159	35.1	41.2
NODE_322_length_132_cov_96.545455	1	132	163	132	100	140.561	34.6	22.6
NODE_323_length_132_cov_79.818182	1	132	159	132	100	145.53	33.7	15.1
NODE_324_length_132_cov_66.309091	1	132	136	132	100	114.098	33.5	29.8
NODE_325_length_131_cov_147.166667	1	131	82	131	100	66.7405	33.8	21.8
NODE_326_length_131_cov_146.518519	1	131	299	131	100	250.725	34.3	31.7
NODE_327_length_131_cov_125.055556	1	131	776	131	100	710.069	34	24.9
NODE_328_length_131_cov_94.629630	1	131	176	131	100	157.817	34.2	19.8
NODE_329_length_131_cov_83.537037	1	131	11	131	100	5.85496	30.5	10.9
NODE_330_length_131_cov_52.574074	1	131	1	69	52.6718	0.526718	23.5	0
NODE_331_length_131_cov_47.888889	1	131	1631	131	100	1559.15	35.1	32.1
NODE_332_length_131_cov_45.407407	1	131	41	131	100	36.1908	35	29.3
NODE_333_length_131_cov_41.611111	1	131	65	131	100	60.2137	34.8	18.8
NODE_334_length_131_cov_32.962963	1	131	82	131	100	77.084	34.6	29.4
NODE_335_length_131_cov_26.037037	1	131	1869	131	100	1740.72	34.7	23.2
NODE_336_length_130_cov_24.433962	1	130	15	130	100	12.8923	34.5	47.3
NODE_337_length_129_cov_198.846154	1	129	307	129	100	258.225	34.4	22.7
NODE_338_length_129_cov_102.153846	1	129	10	129	100	8.65116	34	7.2
NODE_339_length_129_cov_39.057692	1	129	37	129	100	32.9535	35.2	43.1
NODE_340_length_128_cov_339.254902	1	128	193	128	100	172.805	34.7	25.2
NODE_341_length_128_cov_217.803922	1	128	151	128	100	134.117	34.3	18.6
NODE_342_length_128_cov_153.392157	1	128	441	128	100	408.016	34.1	12.9
NODE_343_length_128_cov_129.764706	1	128	90	128	100	76.3203	35.1	8.43
NODE_344_length_128_cov_33.686275	1	128	6	84	65.625	2.60938	34.5	8.17
NODE_345_length_128_cov_27.039216	1	128	59	128	100	47.1094	33.7	18.3
NODE_346_length_127_cov_79.200000	1	127	204	127	100	183.48	34.4	29
NODE_347_length_127_cov_13.360000	1	127	259	127	100	235.346	32.8	6.86
NODE_348_length_126_cov_266.428571	1	126	284	126	100	264.349	34.7	38.6
NODE_349_length_126_cov_232.040816	1	126	3	106	84.127	1.48413	33.4	18.3
NODE_350_length_126_cov_60.142857	1	126	32	126	100	27.4841	35	9.69
NODE_351_length_125_cov_761.937500	1	125	642	125	100	599.032	34.7	28.2
NODE_352_length_125_cov_523.437500	1	125	516	125	100	476.936	34.2	40.5
NODE_353_length_125_cov_225.395833	1	125	151	125	100	135.104	34.4	22.6
NODE_354_length_125_cov_110.000000	1	125	29	125	100	22.312	32.4	7.86
NODE_355_length_125_cov_42.500000	1	125	15	125	100	14.512	34.9	24.4
NODE_356_length_125_cov_42.125000	1	125	3	122	97.6	2.616	32.6	9
NODE_357_length_125_cov_37.708333	1	125	7	125	100	5.592	35.4	37.6
NODE_358_length_125_cov_31.062500	1	125	20	125	100	17.504	34.6	22.2
NODE_359_length_125_cov_19.416667	1	125	89	125	100	48.376	33.9	9.48
NODE_360_length_124_cov_1145.297872	1	124	278	124	100	216.516	34	19.1
NODE_361_length_124_cov_445.148936	1	124	230	124	100	167.887	26.2	1.3
NODE_362_length_124_cov_227.446809	1	124	313	124	100	298.669	34.6	25.6
NODE_363_length_124_cov_27.702128	1	124	278	124	100	198.589	25.1	3.49
NODE_364_length_123_cov_30.869565	1	123	376	123	100	337.886	33.9	21.3
NODE_365_length_122_cov_430.133333	1	122	150	122	100	127.213	33.4	11.1
NODE_366_length_122_cov_428.244444	1	122	292	122	100	263.393	34.1	11.9
NODE_367_length_122_cov_312.400000	1	122	1219	122	100	1137.62	34.8	24.8
NODE_368_length_122_cov_197.488889	1	122	68	122	100	52.7213	32.7	5.82
NODE_369_length_122_cov_61.866667	1	122	348	122	100	227.074	26.7	4.47
NODE_370_length_122_cov_43.444444	1	122	1	58	47.541	0.47541	27.7	0
NODE_371_length_122_cov_33.422222	1	122	2	44	36.0656	0.647541	32.5	2
NODE_372_length_121_cov_250.636364	1	121	39	121	100	22.2231	33.3	7.54
NODE_373_length_121_cov_19.704545	1	121	107	121	100	98.562	34	18.6
NODE_374_length_120_cov_66.511628	1	120	19	120	100	18.175	34.2	11.5
NODE_375_length_119_cov_274.404762	1	119	1075	119	100	1035.93	34.7	23.4
NODE_376_length_119_cov_226.000000	1	119	209	119	100	199.958	34.8	39.9
NODE_377_length_119_cov_225.333333	1	119	166	119	100	158.79	35.4	22.8
NODE_378_length_119_cov_223.738095	1	119	203	119	100	188.899	35.4	22.1
NODE_379_length_119_cov_188.547619	1	119	1	99	83.1933	0.831933	31.6	2
NODE_380_length_119_cov_158.476190	1	119	219	119	100	196.555	34.6	29.8
NODE_381_length_119_cov_143.619048	1	119	11	118	99.1597	7.73109	32.8	5.27
NODE_382_length_119_cov_125.095238	1	119	1209	119	100	1149.35	35.2	17.4
NODE_383_length_119_cov_75.214286	1	119	51	119	100	46.8487	33.8	18.9
NODE_384_length_119_cov_71.238095	1	119	46	119	100	39.9412	34.4	29.3
NODE_385_length_119_cov_48.952381	1	119	2	115	96.6387	1.52101	36.5	4.5
NODE_386_length_119_cov_40.095238	1	119	687	119	100	667.076	35	12
NODE_387_length_119_cov_18.476190	1	119	1	56	47.0588	0.470588	32.8	0
NODE_388_length_118_cov_3238.073171	1	118	1425	118	100	1350.12	34.4	16.5
NODE_389_length_118_cov_584.243902	1	118	99	118	100	66.5	33.2	11.1
NODE_390_length_118_cov_85.829268	1	118	366	118	100	300.008	27.1	0.536
NODE_391_length_118_cov_40.634146	1	118	5	112	94.9153	2.92373	32	15.6
NODE_392_length_118_cov_31.024390	1	118	12	118	100	11.8729	34.2	20.1
NODE_393_length_118_cov_25.756098	1	118	7	118	100	5.51695	35.9	24.3
NODE_394_length_117_cov_350.975000	1	117	345	117	100	323.88	34.5	35.8
NODE_395_length_117_cov_126.975000	1	117	1	80	68.3761	0.683761	23.3	10
NODE_396_length_117_cov_45.650000	1	117	8	117	100	6.94872	33.6	11.2
NODE_397_length_116_cov_346.282051	1	116	333	116	100	324.328	34.6	24.7
NODE_398_length_116_cov_286.256410	1	116	12	116	100	8.50862	33.9	21.1
NODE_399_length_116_cov_234.717949	1	116	70	116	100	58.4569	32	16.3
NODE_400_length_116_cov_162.717949	1	116	4	111	95.6897	3.62069	33.5	34.5
NODE_401_length_116_cov_116.897436	1	116	2	80	68.9655	0.689655	34	0
NODE_402_length_116_cov_110.641026	1	116	20	116	100	14.6293	34.1	4.35
NODE_403_length_116_cov_81.333333	1	116	35	116	100	32.7241	33.1	8.69
NODE_404_length_116_cov_12.769231	1	116	24	116	100	18.5948	33.7	20.1
NODE_405_length_115_cov_335.394737	1	115	187	115	100	180.478	34.7	18
NODE_406_length_115_cov_67.447368	1	115	64	115	100	59.8609	34.1	34
NODE_407_length_115_cov_32.894737	1	115	9	115	100	5.6087	33	1.89
NODE_408_length_114_cov_183.432432	1	114	5	114	100	3.10526	34.7	2.6
NODE_409_length_114_cov_125.972973	1	114	32	114	100	27.0175	34.9	12.6
NODE_410_length_114_cov_74.216216	1	114	19	114	100	17.1404	35.7	15.7
NODE_411_length_114_cov_69.810811	1	114	19	114	100	14.4825	35.2	10.1
NODE_412_length_114_cov_49.486486	1	114	313	114	100	257.781	27	0.169
NODE_413_length_113_cov_301.305556	1	113	38	113	100	35.1327	34.3	24.1
NODE_414_length_113_cov_268.888889	1	113	11	113	100	9.29204	33.7	15.5
NODE_415_length_113_cov_164.055556	1	113	372	113	100	347.531	34.4	22.9
NODE_416_length_113_cov_152.416667	1	113	14	113	100	10.5752	33.2	8.07
NODE_417_length_113_cov_142.388889	1	113	106	113	100	98.8673	34.6	28.8
NODE_418_length_113_cov_138.333333	1	113	455	113	100	435.124	34.4	23.1
NODE_419_length_113_cov_130.027778	1	113	66	113	100	59.292	34.3	5.36
NODE_420_length_113_cov_105.055556	1	113	51	113	100	49.1416	34.8	23.8
NODE_421_length_113_cov_54.916667	1	113	2	109	96.4602	1.26549	29.8	4
NODE_422_length_113_cov_54.750000	1	113	2	81	71.6814	1.23894	26.4	0
NODE_423_length_113_cov_43.555556	1	113	11	107	94.6903	8.80531	33.6	14.4
NODE_425_length_113_cov_38.583333	1	113	3	101	89.3805	1.31858	32	6.67
NODE_426_length_113_cov_38.027778	1	113	54	113	100	46.6283	34.4	8.46
NODE_427_length_113_cov_34.722222	1	113	17	113	100	15.0265	33.1	13.7
NODE_428_length_113_cov_33.583333	1	113	45	113	100	39.115	33.5	14.3
NODE_429_length_113_cov_33.361111	1	113	56	113	100	48.6018	33.6	20.5
NODE_430_length_113_cov_30.361111	1	113	42	113	100	39.7965	33.8	15.6
NODE_431_length_113_cov_27.333333	1	113	22	113	100	17.0973	32.5	3.82
NODE_432_length_112_cov_2838.657143	1	112	598	112	100	567.152	34.7	14.5
NODE_433_length_112_cov_126.342857	1	112	2	79	70.5357	1.32143	31.6	8
NODE_434_length_112_cov_43.942857	1	112	1	65	58.0357	0.580357	36.6	0
NODE_435_length_112_cov_29.114286	1	112	3	101	90.1786	1.88393	34.4	2
NODE_436_length_111_cov_302.176471	1	111	470	111	100	349.919	34.2	26.2
NODE_437_length_111_cov_130.735294	1	111	104	111	100	92.8198	34.9	18.8
NODE_438_length_111_cov_92.147059	1	111	129	111	100	112.802	34.4	11.1
NODE_439_length_111_cov_39.588235	1	111	2	88	79.2793	1.42342	33.5	44
NODE_440_length_111_cov_39.147059	1	111	23	111	100	16	34.7	7.09
NODE_441_length_111_cov_27.147059	1	111	20	111	100	16.1441	33.9	12
NODE_442_length_111_cov_21.352941	1	111	26	111	100	22.5135	33.7	18.8
NODE_443_length_111_cov_21.058824	1	111	568	111	100	541.315	35	8.17
NODE_444_length_110_cov_1117.787879	1	110	163	110	100	148.3	34.3	15.7
NODE_445_length_110_cov_758.575758	1	110	370	110	100	353.718	34.6	26.3
NODE_446_length_110_cov_477.939394	1	110	88	110	100	83.0909	33.3	5.97
NODE_447_length_110_cov_269.424242	1	110	69	110	100	63.3364	33.9	11.6
NODE_448_length_110_cov_254.272727	1	110	16	110	100	11.8182	34.8	15.6
NODE_449_length_110_cov_234.787879	1	110	10	110	100	6.34545	33.4	2.4
NODE_450_length_110_cov_229.818182	1	110	3	109	99.0909	2.7	36.7	3.67
NODE_451_length_110_cov_209.696970	1	110	44	110	100	42.5364	34.9	23.6
NODE_452_length_110_cov_121.848485	1	110	57	110	100	55.8909	35.1	28.8
NODE_453_length_110_cov_90.151515	1	110	7	110	100	3.11818	31	15.7
NODE_454_length_110_cov_84.363636	1	110	118	110	100	112.755	35	18.3
NODE_455_length_110_cov_61.454545	1	110	97	110	100	85.2182	34.9	19.8
NODE_456_length_110_cov_45.727273	1	110	122	110	100	117.1	34.5	9.76
NODE_457_length_110_cov_42.545455	1	110	10	110	100	7.28182	33.2	3.2
NODE_458_length_110_cov_30.242424	1	110	14	110	100	11.8091	33.8	19.4
NODE_459_length_110_cov_16.848485	1	110	24	110	100	18.5727	34.6	13.1
NODE_460_length_110_cov_16.393939	1	110	12	110	100	8.9	34.6	16.6
NODE_461_length_110_cov_16.151515	1	110	38	110	100	31.2091	33	10.5
NODE_462_length_109_cov_109.281250	1	109	11	109	100	8.98165	35	15.5
NODE_463_length_109_cov_33.312500	1	109	11	109	100	5.98165	33	1.82
NODE_464_length_109_cov_28.156250	1	109	4	106	97.2477	1.70642	36.1	10.2
NODE_465_length_109_cov_12.625000	1	109	190	109	100	141.229	25.9	0.658
NODE_466_length_108_cov_217.741935	1	108	110	108	100	105.435	35	16
NODE_467_length_108_cov_109.870968	1	108	12	108	100	11.2037	34.2	19.9
NODE_468_length_108_cov_97.870968	1	108	35	108	100	33.5185	34.9	26.5
NODE_469_length_107_cov_498.733333	1	107	434	107	100	415.421	34.6	19.4
NODE_470_length_107_cov_483.433333	1	107	54	107	100	43.972	35.1	6.33
NODE_471_length_107_cov_399.733333	1	107	20	107	100	13.6636	34	3.4
NODE_472_length_107_cov_203.066667	1	107	4	69	64.486	2.42056	34	2.75
NODE_473_length_107_cov_156.433333	1	107	6	107	100	4.78505	33.6	35.3
NODE_474_length_107_cov_148.433333	1	107	53	107	100	49.9626	33.8	14.6
NODE_475_length_107_cov_141.733333	1	107	10	107	100	9.00935	32.8	8.1
NODE_476_length_107_cov_134.566667	1	107	10	92	85.9813	6.26168	30.1	2.1
NODE_477_length_107_cov_108.200000	1	107	109	107	100	99.2243	34.9	21.3
NODE_479_length_107_cov_72.266667	1	107	110	107	100	72.5514	25.9	0.264
NODE_480_length_107_cov_50.333333	1	107	2	83	77.5701	1.30841	28.4	6
NODE_481_length_107_cov_22.433333	1	107	4	82	76.6355	2.15888	29.3	0
NODE_482_length_107_cov_21.333333	1	107	16	107	100	12.8411	33.8	19.6
NODE_483_length_107_cov_16.033333	1	107	21	107	100	12.6822	34.1	10.7
NODE_484_length_107_cov_12.333333	1	107	59	107	100	40.1121	34.4	3.78
NODE_485_length_106_cov_1822.413793	1	106	1165	106	100	1004.27	34.8	7.55
NODE_486_length_106_cov_1467.965517	1	106	967	106	100	938.019	34.9	27
NODE_487_length_106_cov_227.068966	1	106	2	80	75.4717	1.4434	35.4	6.5
NODE_488_length_106_cov_178.517241	1	106	3	103	97.1698	2.16981	31.1	6.67
NODE_489_length_106_cov_164.379310	1	106	58	106	100	54.7075	35	13.3
NODE_490_length_106_cov_42.379310	1	106	11	106	100	10.8491	34.2	3.36
NODE_491_length_105_cov_13.392857	1	105	118	105	100	82.3429	33.7	3.89
NODE_492_length_105_cov_12.428571	1	105	142	105	100	129.057	34.1	6.7
NODE_493_length_104_cov_2034.000000	1	104	797	104	100	767.173	34.4	14.6
NODE_494_length_104_cov_269.814815	1	104	152	104	100	146.183	34.4	16.2
NODE_495_length_104_cov_246.037037	1	104	173	104	100	166	34.9	12.1
NODE_496_length_104_cov_245.481481	1	104	32	104	100	21.3365	35.3	5.97
NODE_497_length_104_cov_231.444444	1	104	35	104	100	32.3942	35.2	17
NODE_498_length_104_cov_173.333333	1	104	1	88	84.6154	0.846154	24.4	6
NODE_499_length_104_cov_107.925926	1	104	2	96	92.3077	1.60577	28.5	18
NODE_500_length_104_cov_95.592593	1	104	3	76	73.0769	2.03846	32.1	0
NODE_501_length_104_cov_90.518519	1	104	7	99	95.1923	5.88462	34.7	3.43
NODE_502_length_104_cov_79.777778	1	104	8	104	100	6.10577	33.2	6.25
NODE_503_length_104_cov_78.703704	1	104	41	104	100	38.7212	34.3	13.1
NODE_504_length_104_cov_71.444444	1	104	26	104	100	16.0577	32.8	4.54
NODE_506_length_104_cov_17.703704	1	104	137	104	100	79.7019	23.4	0.518
NODE_507_length_103_cov_1120.807692	1	103	103	103	100	93.0485	34.5	11.1
NODE_508_length_103_cov_492.538462	1	103	813	103	100	620.854	28.4	11.4
NODE_509_length_103_cov_450.000000	1	103	8	103	100	6.80583	31.8	5.12
NODE_510_length_103_cov_400.692308	1	103	12	103	100	10.3204	31.5	14.9
NODE_511_length_103_cov_366.923077	1	103	36	103	100	34.4175	35.4	23.5
NODE_512_length_103_cov_192.423077	1	103	202	103	100	194.621	34.5	14.9
NODE_513_length_103_cov_158.230769	1	103	14	103	100	13.5049	34.9	5.5
NODE_514_length_103_cov_114.538462	1	103	74	103	100	70.0777	34.1	13.3
NODE_515_length_103_cov_85.461538	1	103	1	56	54.3689	0.543689	31.4	0
NODE_516_length_103_cov_69.192308	1	103	26	103	100	18.932	34.1	5.42
NODE_517_length_103_cov_65.730769	1	103	73	103	100	56.1748	34.6	8.41
NODE_518_length_103_cov_56.192308	1	103	50	103	100	46.7573	33.9	16.4
NODE_519_length_103_cov_14.384615	1	103	92	103	100	57.7379	26.4	1.73
NODE_520_length_102_cov_733.240000	1	102	308	102	100	290.294	34.2	10.3
NODE_521_length_102_cov_577.800000	1	102	147	102	100	137.618	34.1	8.73
NODE_522_length_102_cov_424.560000	1	102	4	102	100	3.87255	32.5	22
NODE_523_length_102_cov_302.240000	1	102	8	102	100	6.5098	32.5	14.6
NODE_524_length_102_cov_236.440000	1	102	104	102	100	102.186	34.9	9.1
NODE_525_length_102_cov_176.680000	1	102	3	100	98.0392	1.96078	30.9	2.33
NODE_527_length_102_cov_119.840000	1	102	70	102	100	61.2549	33.2	9.37
NODE_528_length_102_cov_56.840000	1	102	28	102	100	20.402	33.5	7.86
NODE_529_length_102_cov_53.560000	1	102	11	99	97.0588	7.69608	33.6	1.18
NODE_530_length_102_cov_48.000000	1	102	9	102	100	7.31373	31.6	4.22
NODE_531_length_102_cov_36.680000	1	102	10	102	100	7.37255	35.3	5.7
NODE_532_length_102_cov_33.720000	1	102	11	102	100	9.05882	32.9	3
NODE_533_length_102_cov_30.160000	1	102	6	102	100	3.52941	32.5	2.83
NODE_534_length_102_cov_27.320000	1	102	13	102	100	12.4412	33.6	18.4
NODE_535_length_102_cov_6.360000	1	102	24	102	100	13.2157	22.8	2.88
NODE_536_length_101_cov_2048.416667	1	101	436	101	100	295.158	34.2	10.2
NODE_537_length_101_cov_1094.625000	1	101	70	101	100	61.5941	34.7	10.9
NODE_538_length_101_cov_671.000000	1	101	48	101	100	42.4554	33.1	14.2
NODE_539_length_101_cov_649.208333	1	101	45	101	100	28.2772	34.1	2.62
NODE_540_length_101_cov_452.958333	1	101	137	101	100	129.495	34.4	5.15
NODE_541_length_101_cov_434.791667	1	101	55	101	100	45.6238	33.9	9.42
NODE_542_length_101_cov_411.375000	1	101	107	101	100	99.4257	34.6	4.18
NODE_543_length_101_cov_361.416667	1	101	88	101	100	60.3069	34.8	1.92
NODE_544_length_101_cov_249.875000	1	101	22	101	100	21.7228	34.1	12.3
NODE_545_length_101_cov_219.166667	1	101	19	101	100	13.4653	33.4	11.9
NODE_546_length_101_cov_196.375000	1	101	183	101	100	156.307	34.7	5.55
NODE_547_length_101_cov_180.708333	1	101	103	101	100	99.2178	34.6	2.02
NODE_548_length_101_cov_127.916667	1	101	46	101	100	42.9109	34.6	10.3
NODE_549_length_101_cov_92.000000	1	101	25	101	100	15.7228	36	17.7
NODE_550_length_101_cov_90.208333	1	101	32	101	100	30.5446	33.7	9.34
NODE_551_length_101_cov_65.500000	1	101	48	101	100	45.3267	34.3	7.94
NODE_552_length_101_cov_63.208333	1	101	1	98	97.0297	0.970297	32.8	0
NODE_553_length_101_cov_52.958333	1	101	59	101	100	43.0099	34.5	3.36
NODE_554_length_101_cov_34.291667	1	101	5	97	96.0396	2.89109	33.5	0
NODE_556_length_101_cov_29.125000	1	101	22	101	100	17.4455	34.2	5.68
NODE_557_length_101_cov_26.291667	1	101	14	101	100	11.5842	31.3	2.5
NODE_558_length_100_cov_556.565217	1	100	1	54	54	0.54	36	0
NODE_559_length_100_cov_503.478261	1	100	46	100	100	32.06	34.1	1.74
NODE_560_length_100_cov_250.347826	1	100	85	100	100	76.4	33.9	6.66
NODE_561_length_100_cov_211.304348	1	100	27	100	100	26.12	34.8	10.6
NODE_562_length_100_cov_116.782609	1	100	40	100	100	33.14	34.1	8.4
NODE_563_length_100_cov_114.260870	1	100	20	100	100	19.06	33.8	6.55
NODE_564_length_100_cov_104.521739	1	100	10	100	100	7.76	34.5	5.9
NODE_565_length_99_cov_2752.136364	1	99	83	99	100	47.6768	31.4	4.95
NODE_566_length_99_cov_910.500000	1	99	31	99	100	22.6465	33.4	1.55
NODE_567_length_99_cov_172.136364	1	99	80	99	100	76.6869	34.1	15.2
NODE_568_length_99_cov_84.227273	1	99	19	99	100	8.05051	34.4	23
NODE_569_length_99_cov_46.136364	1	99	67	99	100	52.404	33	3.85
NODE_570_length_99_cov_38.409091	1	99	5	99	100	2.38384	31.5	5.8
NODE_571_length_98_cov_3479.619048	1	98	93	98	100	68.9694	34.4	2.57
NODE_572_length_98_cov_1471.333333	1	98	16	98	100	11.398	32.4	9
NODE_573_length_98_cov_773.523810	1	98	72	98	100	61.2143	32.7	1.56
NODE_574_length_98_cov_758.000000	1	98	29	98	100	24.9184	33.6	11
NODE_575_length_98_cov_587.285714	1	98	2	90	91.8367	1.65306	35.1	18
NODE_576_length_98_cov_406.428571	1	98	31	98	100	27.5918	30.4	4.19
NODE_577_length_98_cov_364.333333	1	98	4	98	100	3.42857	33.3	9
NODE_578_length_98_cov_347.952381	1	98	69	98	100	62.3878	35	4.28
NODE_579_length_98_cov_287.571429	1	98	68	98	100	47.3571	33.9	0.779
NODE_580_length_98_cov_244.285714	1	98	4	98	100	3	31.9	0
NODE_581_length_98_cov_228.142857	1	98	8	98	100	6.94898	34.7	20.4
NODE_582_length_98_cov_217.523810	1	98	74	98	100	71.7449	34.4	2.65
NODE_583_length_98_cov_213.619048	1	98	15	98	100	9.38776	33.8	32.7
NODE_584_length_98_cov_202.619048	1	98	18	98	100	16.8469	34.9	7.72
NODE_585_length_98_cov_171.285714	1	98	37	98	100	33.2857	33.5	1.62
NODE_586_length_98_cov_146.333333	1	98	13	98	100	12.2041	31.5	13.5
NODE_587_length_98_cov_109.142857	1	98	27	98	100	16.8571	34.7	1.52
NODE_588_length_98_cov_103.857143	1	98	42	98	100	39.9286	35.5	4.98
NODE_589_length_98_cov_99.000000	1	98	4	98	100	3.64286	32.8	3
NODE_590_length_98_cov_95.761905	1	98	69	98	100	64.0102	34.7	6.96
NODE_591_length_98_cov_80.904762	1	98	8	98	100	5.58163	31.4	3.5
NODE_592_length_98_cov_78.904762	1	98	24	98	100	16.9286	34.3	1.75
NODE_593_length_98_cov_73.047619	1	98	3	98	100	2.23469	31.3	1
NODE_594_length_98_cov_69.619048	1	98	22	98	100	16.7449	33.9	2.77
NODE_595_length_98_cov_56.285714	1	98	2	98	100	1.86735	31.1	1.5
NODE_596_length_98_cov_54.047619	1	98	4	98	100	3.28571	30.4	1.75
NODE_597_length_98_cov_47.380952	1	98	5	98	100	2.65306	34.1	6.2
NODE_598_length_98_cov_39.714286	1	98	33	98	100	21.0918	33.3	1.94
NODE_599_length_98_cov_33.952381	1	98	19	97	98.9796	11.8367	33.7	0.737
NODE_600_length_98_cov_31.333333	1	98	5	98	100	3.40816	35.7	0
NODE_601_length_98_cov_29.285714	1	98	2	93	94.898	1.52041	35.7	4
NODE_602_length_98_cov_22.333333	1	98	2	95	96.9388	1.56122	31.8	0
NODE_604_length_97_cov_2431.100000	1	97	80	97	100	42.6598	34.2	16.6
NODE_605_length_97_cov_1033.300000	1	97	91	93	95.8763	63.6289	35	0.242
NODE_606_length_97_cov_805.150000	1	97	61	97	100	55.866	32.2	8.77
NODE_607_length_97_cov_302.250000	1	97	15	97	100	8.29897	32.5	1.53
NODE_608_length_97_cov_160.550000	1	97	27	97	100	25.6701	35.4	5.22
NODE_609_length_97_cov_144.100000	1	97	5	97	100	4.31959	33.2	13.6
NODE_610_length_97_cov_121.750000	1	97	41	97	100	35.8041	33.4	4.98
NODE_611_length_97_cov_103.500000	1	97	9	97	100	7.48454	32.8	8.11
NODE_612_length_97_cov_97.300000	1	97	52	97	100	38.3196	34.1	8.23
NODE_613_length_97_cov_39.800000	1	97	1	54	55.6701	0.556701	28.5	0
NODE_614_length_97_cov_32.050000	1	97	1	52	53.6082	0.536082	29.7	0
NODE_615_length_97_cov_30.750000	1	97	6	97	100	4.37113	33.6	10.2
NODE_616_length_97_cov_26.400000	1	97	15	97	100	13.8144	32.4	8.6
NODE_617_length_97_cov_23.150000	1	97	10	97	100	7.73196	32.3	3.7
NODE_618_length_97_cov_22.350000	1	97	5	97	100	3.65979	32.6	1
NODE_620_length_96_cov_1212.894737	1	96	22	96	100	18.3229	33.3	8.05
NODE_621_length_96_cov_226.368421	1	96	7	96	100	5.80208	32.1	4.14
NODE_623_length_96_cov_104.631579	1	96	6	84	87.5	4.875	34.8	4
NODE_624_length_96_cov_70.842105	1	96	42	96	100	33.4375	34.2	5.4
NODE_625_length_96_cov_34.000000	1	96	3	78	81.25	2.17708	35.4	0
NODE_626_length_96_cov_30.578947	1	96	42	96	100	27.9583	34.5	6.74
NODE_627_length_95_cov_2099.944444	1	95	417	95	100	390.758	35	7.04
NODE_628_length_95_cov_2068.277778	1	95	146	95	100	132.821	34.4	3.4
NODE_629_length_95_cov_1772.611111	1	95	269	95	100	261.105	35.3	4
NODE_630_length_95_cov_1157.666667	1	95	250	95	100	236.579	34.9	5.93
NODE_631_length_95_cov_800.500000	1	95	40	95	100	34.4947	33.8	7.08
NODE_632_length_95_cov_710.388889	1	95	158	95	100	119.432	34.6	6.77
NODE_633_length_95_cov_608.166667	1	95	28	95	100	22.8	32.2	7.75
NODE_634_length_95_cov_581.611111	1	95	29	95	100	25.5789	33.9	6.24
NODE_635_length_95_cov_545.000000	1	95	29	95	100	22.6105	34.2	2.97
NODE_636_length_95_cov_524.777778	1	95	15	95	100	13.2842	33.3	13.1
NODE_637_length_95_cov_513.444444	1	95	13	95	100	10.9158	33.7	18.1
NODE_638_length_95_cov_429.833333	1	95	149	95	100	141.032	35.1	3.37
NODE_639_length_95_cov_329.444444	1	95	22	95	100	20.8947	35.4	5.68
NODE_640_length_95_cov_304.500000	1	95	74	95	100	68.8632	33.8	3.38
NODE_641_length_95_cov_285.833333	1	95	31	95	100	27.6211	34.8	5.19
NODE_642_length_95_cov_271.444444	1	95	10	95	100	6.76842	32.6	3.1
NODE_643_length_95_cov_224.666667	1	95	21	95	100	15.5684	33.3	3.95
NODE_644_length_95_cov_218.055556	1	95	40	95	100	35.2316	34.5	2.5
NODE_645_length_95_cov_181.166667	1	95	32	95	100	30.1053	33.5	2.41
NODE_646_length_95_cov_170.444444	1	95	43	95	100	41.0526	34.4	6
NODE_647_length_95_cov_155.111111	1	95	48	95	100	45.7895	34.6	3.54
NODE_648_length_95_cov_136.222222	1	95	8	93	97.8947	4.91579	31.8	17.4
NODE_649_length_95_cov_112.166667	1	95	3	95	100	2.46316	31.4	1.33
NODE_650_length_95_cov_89.888889	1	95	6	95	100	5.63158	32.2	1.67
NODE_651_length_95_cov_85.055556	1	95	2	87	91.5789	1.48421	32.3	4.5
NODE_652_length_95_cov_84.388889	1	95	14	58	61.0526	7.72632	36.3	19.9
NODE_653_length_95_cov_84.333333	1	95	31	95	100	28.7158	33.5	2.13
NODE_654_length_95_cov_78.611111	1	95	3	77	81.0526	1.94737	29.4	0
NODE_655_length_95_cov_77.222222	1	95	21	95	100	15.8316	32	1.43
NODE_656_length_95_cov_54.666667	1	95	7	95	100	3.2	30.5	0
NODE_657_length_95_cov_51.388889	1	95	17	95	100	12.5474	33.8	0.294
NODE_658_length_95_cov_36.500000	1	95	36	95	100	24.4421	34.7	0.556
NODE_659_length_94_cov_1974.176471	1	94	13	94	100	10.5532	34.6	6.15
NODE_660_length_94_cov_1469.235294	1	94	30	94	100	24.5	32.5	6.17
NODE_661_length_94_cov_196.176471	1	94	2	87	92.5532	1.64894	29.4	3.5
NODE_662_length_94_cov_152.764706	1	94	1	54	57.4468	0.574468	27.3	0
NODE_663_length_94_cov_128.647059	1	94	5	94	100	3.96809	32.1	1.6
NODE_664_length_94_cov_114.588235	1	94	19	94	100	16.6064	34.3	6.21
NODE_665_length_94_cov_100.352941	1	94	1	50	53.1915	0.531915	26.7	0
NODE_666_length_94_cov_92.529412	1	94	8	94	100	6.6383	35.1	16.2
NODE_667_length_94_cov_81.352941	1	94	16	94	100	9.57447	31.8	7.62
NODE_668_length_94_cov_62.294118	1	94	15	94	100	13.9043	33.3	6.8
NODE_669_length_94_cov_51.764706	1	94	6	94	100	5.90426	34.9	0
NODE_670_length_93_cov_1419.812500	1	93	12	93	100	10.2688	33.2	11.5
NODE_671_length_93_cov_235.937500	1	93	22	93	100	16.9892	33.2	8.09
NODE_672_length_93_cov_185.250000	1	93	1	37	39.7849	0.397849	36.4	0
NODE_673_length_93_cov_45.562500	1	93	34	93	100	25.7634	33.9	2.06
NODE_674_length_93_cov_41.437500	1	93	6	93	100	4.39785	30.6	1.33
NODE_675_length_93_cov_14.312500	1	93	8	93	100	4.72043	33.4	0
NODE_676_length_92_cov_3502.533333	1	92	14	92	100	11.163	32.3	9.86
NODE_677_length_92_cov_2041.533333	1	92	60	92	100	50.0761	33	2.93
NODE_678_length_92_cov_1665.333333	1	92	88	92	100	78.5652	33.6	5.17
NODE_679_length_92_cov_1577.666667	1	92	90	92	100	79.337	32.7	7.36
NODE_680_length_92_cov_1323.466667	1	92	18	92	100	14.1848	31	4.06
NODE_681_length_92_cov_1187.866667	1	92	10	92	100	8.40217	29.3	2.2
NODE_682_length_92_cov_943.200000	1	92	29	92	100	25.0543	33.1	6.38
NODE_683_length_92_cov_649.266667	1	92	37	92	100	21.9457	32.7	7.38
NODE_684_length_92_cov_561.600000	1	92	10	92	100	8.91304	31.5	4.3
NODE_685_length_92_cov_514.800000	1	92	32	92	100	24.2826	34.5	2.97
NODE_686_length_92_cov_500.866667	1	92	19	92	100	13.1087	33.1	7.53
NODE_687_length_92_cov_499.733333	1	92	6	92	100	4.18478	31.4	8.33
NODE_688_length_92_cov_454.666667	1	92	37	92	100	32.337	32.7	6.62
NODE_689_length_92_cov_398.400000	1	92	27	92	100	25.8152	34.4	3.67
NODE_690_length_92_cov_396.600000	1	92	10	92	100	7.8913	34.5	4.2
NODE_691_length_92_cov_394.333333	1	92	14	92	100	11.8587	33.2	5
NODE_692_length_92_cov_381.133333	1	92	8	92	100	5.31522	35.3	0.25
NODE_693_length_92_cov_356.400000	1	92	29	92	100	25.1957	31.6	3.76
NODE_694_length_92_cov_348.066667	1	92	10	92	100	5.3587	33.8	3.4
NODE_695_length_92_cov_282.600000	1	92	3	92	100	2.36957	28.7	1
NODE_696_length_92_cov_269.400000	1	92	12	92	100	8.46739	33.7	20.2
NODE_697_length_92_cov_240.733333	1	92	1	91	98.913	0.98913	25.8	6
NODE_698_length_92_cov_236.400000	1	92	65	92	100	61.8478	34	7.95
NODE_699_length_92_cov_221.266667	1	92	11	92	100	10.337	32.7	3.82
NODE_700_length_92_cov_218.533333	1	92	14	92	100	10.4348	33.5	1.64
NODE_701_length_92_cov_179.600000	1	92	2	92	100	1.55435	28.6	0
NODE_702_length_92_cov_173.466667	1	92	8	92	100	5.48913	30.1	0
NODE_703_length_92_cov_148.600000	1	92	5	92	100	4.5	28.5	2.4
NODE_704_length_92_cov_120.733333	1	92	8	92	100	7.34783	32.1	5
NODE_706_length_92_cov_91.933333	1	92	1	41	44.5652	0.445652	31.1	0
NODE_707_length_92_cov_85.533333	1	92	3	61	66.3043	1.6087	34.9	0
NODE_708_length_92_cov_82.333333	1	92	1	71	77.1739	0.771739	29.3	0
NODE_710_length_92_cov_70.933333	1	92	6	92	100	5.42391	31.5	11
NODE_713_length_92_cov_51.600000	1	92	2	73	79.3478	1.15217	27.3	0
NODE_714_length_92_cov_48.800000	1	92	7	86	93.4783	3.91304	33.3	27.7
NODE_716_length_92_cov_31.200000	1	92	2	55	59.7826	0.967391	36	0
NODE_717_length_92_cov_31.066667	1	92	3	83	90.2174	2.02174	34.2	2.33
NODE_718_length_92_cov_25.533333	1	92	4	92	100	3.45652	30.8	4
NODE_719_length_92_cov_24.866667	1	92	5	92	100	4.63043	34.6	3.8
NODE_720_length_91_cov_337.000000	1	91	20	91	100	16.1978	33.4	6.95
NODE_721_length_91_cov_241.000000	1	91	14	91	100	13.4505	31.6	4.64
NODE_722_length_91_cov_224.571429	1	91	12	91	100	8.58242	31.4	0.333
NODE_723_length_91_cov_206.357143	1	91	35	91	100	32	34.1	5.14
NODE_724_length_91_cov_205.642857	1	91	39	91	100	37.3516	34	5.56
NODE_725_length_91_cov_113.642857	1	91	3	87	95.6044	2.8022	35.7	3.33
NODE_726_length_91_cov_102.285714	1	91	11	91	100	10.1868	35.5	12.7
NODE_727_length_91_cov_101.714286	1	91	1	59	64.8352	0.648352	31.9	0
NODE_728_length_91_cov_78.785714	1	91	16	91	100	15.044	33.5	0.312
NODE_729_length_90_cov_4274.076923	1	90	169	90	100	159.344	34.3	7.16
NODE_730_length_90_cov_3581.384615	1	90	56	90	100	52.1333	35.2	3.5
NODE_731_length_90_cov_2618.692308	1	90	100	90	100	96.8889	34.8	6.85
NODE_732_length_90_cov_2437.615385	1	90	79	90	100	74.1556	34.1	3.85
NODE_733_length_90_cov_1138.846154	1	90	34	90	100	28.1778	33.1	3.65
NODE_734_length_90_cov_329.076923	1	90	92	90	100	86.7	33.6	15.3
NODE_735_length_90_cov_306.615385	1	90	2	75	83.3333	1.2	32.6	0
NODE_736_length_90_cov_284.384615	1	90	17	90	100	14.9889	31.6	8.71
NODE_737_length_90_cov_277.461538	1	90	16	90	100	13.8333	34.5	7.75
NODE_738_length_90_cov_244.000000	1	90	6	90	100	5.15556	27.7	0.333
NODE_739_length_90_cov_235.769231	1	90	2	84	93.3333	1.86667	35.2	0
NODE_740_length_90_cov_203.846154	1	90	6	90	100	4.73333	30.8	1.5
NODE_741_length_90_cov_162.461538	1	90	2	87	96.6667	1.9	33.1	19
NODE_742_length_90_cov_149.923077	1	90	5	83	92.2222	4.38889	34.7	12.8
NODE_743_length_90_cov_135.461538	1	90	4	85	94.4444	3.36667	36	2.75
NODE_746_length_90_cov_51.846154	1	90	1	43	47.7778	0.477778	24.8	0
NODE_747_length_90_cov_49.615385	1	90	3	90	100	2.34444	32	0
NODE_748_length_90_cov_14.307692	1	90	2	88	97.7778	1.75556	30.4	0
NODE_749_length_90_cov_12.923077	1	90	5	90	100	3.66667	30.5	0
NODE_750_length_89_cov_2402.666667	1	89	46	89	100	39.2247	32.8	3.37
NODE_751_length_89_cov_2108.333333	1	89	69	89	100	57.5618	33.2	4.58
NODE_752_length_89_cov_2016.750000	1	89	50	89	100	41.6404	33.4	6.22
NODE_753_length_89_cov_1389.083333	1	89	61	89	100	52.809	33.7	3.89
NODE_754_length_89_cov_1289.000000	1	89	96	89	100	48.5056	34.9	8.85
NODE_755_length_89_cov_1118.000000	1	89	28	89	100	20.9775	32	1.46
NODE_756_length_89_cov_973.833333	1	89	90	89	100	68.191	34	6.12
NODE_757_length_89_cov_907.916667	1	89	28	89	100	22.9213	34.1	9.11
NODE_758_length_89_cov_759.250000	1	89	29	89	100	19.7753	33.9	0.966
NODE_759_length_89_cov_649.750000	1	89	4	83	93.2584	2.91011	29.4	0.75
NODE_760_length_89_cov_583.083333	1	89	98	89	100	83.2135	34.4	9.13
NODE_761_length_89_cov_503.583333	1	89	87	89	100	72.9663	34.3	3.61
NODE_762_length_89_cov_438.916667	1	89	10	89	100	7.7191	32.9	0.6
NODE_763_length_89_cov_346.833333	1	89	32	89	100	22.2809	34.6	16.6
NODE_764_length_89_cov_330.833333	1	89	9	89	100	8.77528	34.5	4
NODE_765_length_89_cov_281.000000	1	89	19	89	100	13.5955	34.5	1.95
NODE_766_length_89_cov_273.333333	1	89	6	89	100	4.70787	34.5	5.5
NODE_767_length_89_cov_257.333333	1	89	7	89	100	5.31461	34.4	4.57
NODE_768_length_89_cov_256.500000	1	89	4	89	100	3.58427	30.4	2
NODE_770_length_89_cov_213.250000	1	89	4	87	97.7528	3.26966	31.5	2
NODE_771_length_89_cov_193.500000	1	89	18	89	100	13.5056	33.5	4.89
NODE_772_length_89_cov_189.833333	1	89	2	73	82.0225	1.44944	37	0
NODE_773_length_89_cov_185.583333	1	89	14	89	100	12.573	32.4	4.79
NODE_774_length_89_cov_182.250000	1	89	20	76	85.3933	14.6629	34.4	6.35
NODE_775_length_89_cov_180.333333	1	89	15	89	100	10.8652	35.8	0
NODE_776_length_89_cov_173.666667	1	89	1	46	51.6854	0.516854	36.2	25
NODE_777_length_89_cov_159.333333	1	89	2	63	70.7865	1.37079	34.2	3.5
NODE_778_length_89_cov_159.083333	1	89	4	87	97.7528	2.64045	32.3	0
NODE_779_length_89_cov_143.666667	1	89	17	89	100	15.7191	34.1	4.18
NODE_780_length_89_cov_120.750000	1	89	5	89	100	3.30337	31	0
NODE_781_length_89_cov_113.750000	1	89	5	89	100	4.41573	30.2	3.6
NODE_782_length_89_cov_109.083333	1	89	1	77	86.5169	0.865169	26.4	0
NODE_783_length_89_cov_105.833333	1	89	1	86	96.6292	0.966292	32.9	0
NODE_784_length_89_cov_105.666667	1	89	17	89	100	9.61798	34.7	0
NODE_785_length_89_cov_104.916667	1	89	4	82	92.1348	2.61798	33.2	1.5
NODE_786_length_89_cov_100.416667	1	89	2	81	91.0112	1.24719	29.9	0
NODE_787_length_89_cov_99.416667	1	89	7	84	94.382	4.58427	35.2	7.57
NODE_788_length_89_cov_94.083333	1	89	3	86	96.6292	2.48315	32.4	0
NODE_790_length_89_cov_82.000000	1	89	1	81	91.0112	0.910112	36.4	2
NODE_791_length_89_cov_79.916667	1	89	1	39	43.8202	0.438202	36.1	0
NODE_793_length_89_cov_66.416667	1	89	6	89	100	4.25843	36.7	0.333
NODE_794_length_89_cov_42.916667	1	89	3	53	59.5506	1.57303	36.1	0
NODE_798_length_89_cov_31.583333	1	89	1	61	68.5393	0.685393	24	0
NODE_800_length_89_cov_24.250000	1	89	2	61	68.5393	1.02247	29.9	0
NODE_801_length_89_cov_24.166667	1	89	2	63	70.7865	1.10112	36	0
NODE_802_length_88_cov_771.545455	1	88	30	88	100	19.2841	32.9	11.1
NODE_803_length_88_cov_510.636364	1	88	31	88	100	29.1477	33.1	13.2
NODE_804_length_88_cov_264.818182	1	88	32	88	100	30.3409	35.1	6.94
NODE_805_length_88_cov_192.363636	1	88	147	88	100	128.841	26.6	3.84
NODE_806_length_88_cov_191.363636	1	88	15	88	100	14.2045	34.2	5.87
NODE_807_length_88_cov_187.727273	1	88	5	82	93.1818	3.15909	32.3	0
NODE_808_length_88_cov_157.454545	1	88	4	88	100	3.70455	33.2	0
NODE_809_length_88_cov_110.090909	1	88	2	88	100	1.72727	31.1	0
NODE_810_length_88_cov_86.000000	1	88	3	80	90.9091	1.82955	31.2	0
NODE_811_length_88_cov_54.636364	1	88	7	88	100	5.63636	31.8	0.286
NODE_813_length_88_cov_13.545455	1	88	25	88	100	19.9432	32.6	0.32
NODE_814_length_88_cov_13.363636	1	88	12	87	98.8636	9.54545	33.2	0
NODE_815_length_87_cov_1163.000000	1	87	7	86	98.8506	5.7931	27.5	0.857
NODE_816_length_87_cov_285.600000	1	87	15	84	96.5517	10.7471	32.1	0.133
NODE_817_length_87_cov_167.400000	1	87	80	87	100	54.5517	23.8	1.61
NODE_818_length_87_cov_154.200000	1	87	74	87	100	51.5402	23.8	0.351
NODE_819_length_87_cov_138.100000	1	87	6	87	100	5.41379	32.3	1
NODE_821_length_87_cov_95.000000	1	87	22	87	100	19.3103	33.9	2.59
NODE_822_length_87_cov_88.300000	1	87	1	63	72.4138	0.724138	25.7	0
NODE_823_length_87_cov_82.300000	1	87	1	39	44.8276	0.448276	36.4	0
NODE_824_length_87_cov_45.200000	1	87	9	80	91.954	7.21839	33.4	0
NODE_825_length_86_cov_7407.555556	1	86	98	86	100	81.0581	33.9	3.81
NODE_826_length_86_cov_6443.555556	1	86	69	86	100	61.6512	34	6.2
NODE_827_length_86_cov_4855.222222	1	86	126	86	100	111.686	34.5	1.79
NODE_828_length_86_cov_2906.222222	1	86	95	86	100	81.6744	34.7	4.36
NODE_829_length_86_cov_1656.111111	1	86	54	86	100	42.5465	34.5	2.85
NODE_830_length_86_cov_1542.777778	1	86	17	86	100	12.5581	31.9	1.12
NODE_831_length_86_cov_1418.222222	1	86	134	86	100	112.919	34.7	4.01
NODE_832_length_86_cov_1392.333333	1	86	42	86	100	33.2674	34	1.62
NODE_833_length_86_cov_1355.888889	1	86	6	86	100	4.40698	32.9	0.167
NODE_834_length_86_cov_1319.555556	1	86	96	86	100	73.0698	34.6	0.104
NODE_835_length_86_cov_1129.222222	1	86	27	86	100	17.7326	25	0
NODE_836_length_86_cov_873.333333	1	86	148	86	100	114.628	34.8	4.66
NODE_837_length_86_cov_843.000000	1	86	5	86	100	4.25581	34.7	6
NODE_838_length_86_cov_793.111111	1	86	105	86	100	88.7907	34.3	5.01
NODE_839_length_86_cov_754.222222	1	86	11	86	100	7.59302	34.2	2.73
NODE_840_length_86_cov_557.000000	1	86	21	86	100	13.8837	34.1	0.524
NODE_841_length_86_cov_536.444444	1	86	55	86	100	40.9767	34.8	3.04
NODE_842_length_86_cov_528.777778	1	86	12	86	100	9.48837	30.5	0.75
NODE_843_length_86_cov_521.666667	1	86	17	85	98.8372	12.7558	35	0.176
NODE_844_length_86_cov_471.666667	1	86	53	86	100	40.686	34.3	0.491
NODE_845_length_86_cov_469.444444	1	86	7	86	100	5.36047	29.7	15.1
NODE_846_length_86_cov_327.000000	1	86	21	86	100	15.4767	32	4.67
NODE_847_length_86_cov_311.000000	1	86	14	74	86.0465	10.1628	34.1	0
NODE_848_length_86_cov_298.777778	1	86	1	53	61.6279	0.616279	33.2	0
NODE_849_length_86_cov_296.666667	1	86	18	86	100	14.186	34.8	16.6
NODE_850_length_86_cov_263.444444	1	86	2	78	90.6977	1.31395	32.4	0
NODE_851_length_86_cov_260.111111	1	86	34	86	100	23.9651	34.7	13.7
NODE_853_length_86_cov_237.222222	1	86	46	86	100	32.6628	34.4	9.96
NODE_854_length_86_cov_233.222222	1	86	162	86	100	117.953	25	1.56
NODE_855_length_86_cov_220.222222	1	86	4	86	100	4	28.8	14
NODE_856_length_86_cov_206.555556	1	86	13	86	100	9.73256	34	0.308
NODE_857_length_86_cov_194.222222	1	86	35	86	100	33.593	33.7	5.63
NODE_858_length_86_cov_193.777778	1	86	7	74	86.0465	5.12791	35	12.6
NODE_859_length_86_cov_166.222222	1	86	5	61	70.9302	1.98837	29.9	13.4
NODE_860_length_86_cov_151.666667	1	86	2	43	50	0.988372	32.8	0
NODE_861_length_86_cov_138.888889	1	86	1	53	61.6279	0.616279	26.2	0
NODE_862_length_86_cov_122.555556	1	86	5	82	95.3488	3.32558	33.2	9.2
NODE_863_length_86_cov_111.111111	1	86	5	85	98.8372	3.45349	32.6	21.4
NODE_864_length_86_cov_111.000000	1	86	1	84	97.6744	0.976744	34.9	0
NODE_866_length_86_cov_102.222222	1	86	17	86	100	11.7791	33.7	0.529
NODE_867_length_86_cov_101.333333	1	86	14	86	100	9.26744	35	2.86
NODE_868_length_86_cov_88.888889	1	86	11	86	100	9.17442	35	1
NODE_869_length_86_cov_87.444444	1	86	2	59	68.6047	1.25581	28.2	0
NODE_871_length_86_cov_80.777778	1	86	18	86	100	13.686	34.2	4.39
NODE_873_length_86_cov_67.222222	1	86	2	75	87.2093	1.2907	30.6	0
NODE_874_length_86_cov_65.111111	1	86	3	86	100	1.5	31.5	0
NODE_877_length_86_cov_26.777778	1	86	6	86	100	4.9186	35.8	0.333
NODE_878_length_86_cov_21.000000	1	86	4	81	94.186	3.05814	35.3	0
NODE_879_length_85_cov_1031.250000	1	85	12	85	100	11.1882	32.3	0.5
NODE_880_length_85_cov_899.250000	1	85	17	85	100	11.0235	25.4	0
NODE_881_length_85_cov_485.750000	1	85	12	64	75.2941	8.42353	35.7	2
NODE_882_length_85_cov_427.625000	1	85	15	85	100	8.58824	31.9	9.47
NODE_883_length_85_cov_369.125000	1	85	13	85	100	7.98824	33.7	3.69
NODE_884_length_85_cov_306.000000	1	85	6	85	100	4.77647	31.1	2.5
NODE_885_length_85_cov_269.125000	1	85	3	84	98.8235	2.55294	33.8	5
NODE_886_length_85_cov_251.375000	1	85	47	85	100	44.2706	34.2	7.96
NODE_887_length_85_cov_244.875000	1	85	17	85	100	14.5294	32.5	2.65
NODE_888_length_85_cov_183.375000	1	85	51	85	100	39.6706	34.5	0.098
NODE_889_length_85_cov_145.500000	1	85	11	85	100	9.98824	32.8	1.27
NODE_890_length_85_cov_90.500000	1	85	3	81	95.2941	2.82353	33.6	1.67
NODE_892_length_85_cov_51.125000	1	85	5	51	60	2.48235	33.7	14.8
NODE_893_length_84_cov_5005.857143	1	84	44	84	100	35.131	33.7	0.386
NODE_894_length_84_cov_2018.428571	1	84	33	84	100	25.5357	34.9	0.0303
NODE_895_length_84_cov_1554.714286	1	84	19	84	100	12.8452	34	2.26
NODE_896_length_84_cov_1460.142857	1	84	166	84	100	103.333	34.6	9.38
NODE_897_length_84_cov_1086.142857	1	84	11	84	100	7.21429	33.1	0
NODE_898_length_84_cov_308.428571	1	84	26	84	100	20.881	33.6	1.15
NODE_899_length_84_cov_277.428571	1	84	46	84	100	39.9524	34	1.78
NODE_900_length_84_cov_217.142857	1	84	23	84	100	18.2262	32.9	1.78
NODE_901_length_84_cov_173.857143	1	84	6	84	100	4.09524	33.6	23.3
NODE_902_length_84_cov_149.142857	1	84	3	62	73.8095	1.71429	36.3	0
NODE_903_length_84_cov_132.285714	1	84	6	83	98.8095	3.53571	32.1	0
NODE_905_length_84_cov_125.714286	1	84	26	84	100	20.7143	33.4	4.69
NODE_907_length_84_cov_27.571429	1	84	21	84	100	12.381	21.6	5.62
NODE_908_length_84_cov_19.857143	1	84	4	84	100	3.59524	31.9	7.75
NODE_909_length_83_cov_2310.333333	1	83	87	83	100	75.8675	34.7	2.98
NODE_910_length_83_cov_2030.500000	1	83	43	83	100	27.1687	25.1	0
NODE_911_length_83_cov_1957.833333	1	83	39	83	100	34.747	34.1	1.9
NODE_912_length_83_cov_1926.000000	1	83	68	83	100	58.7108	33.7	2.87
NODE_913_length_83_cov_1070.333333	1	83	30	83	100	22.5181	35.2	3.17
NODE_914_length_83_cov_913.666667	1	83	39	83	100	35.3855	33.5	1.36
NODE_915_length_83_cov_862.500000	1	83	14	83	100	12.6988	34.9	1.14
NODE_916_length_83_cov_800.833333	1	83	41	83	100	33.0482	34.4	0.561
NODE_917_length_83_cov_735.000000	1	83	6	82	98.7952	3.89157	31.7	3
NODE_918_length_83_cov_659.833333	1	83	22	83	100	19.0964	33.5	1.5
NODE_919_length_83_cov_563.166667	1	83	35	83	100	23.506	34.6	3.74
NODE_920_length_83_cov_509.666667	1	83	60	83	100	57.9277	34.5	8.55
NODE_921_length_83_cov_425.000000	1	83	2	59	71.0843	1.25301	24.2	0
NODE_922_length_83_cov_396.500000	1	83	31	83	100	23.2048	33.7	0.161
NODE_923_length_83_cov_385.000000	1	83	8	83	100	6.61446	33.3	0
NODE_924_length_83_cov_365.333333	1	83	3	81	97.5904	2.37349	30.9	1.33
NODE_925_length_83_cov_364.666667	1	83	3	83	100	2.46988	35.3	0.667
NODE_926_length_83_cov_291.000000	1	83	15	83	100	12.5181	33.4	5.27
NODE_927_length_83_cov_283.833333	1	83	2	68	81.9277	1.24096	28.4	0
NODE_928_length_83_cov_277.666667	1	83	1	54	65.0602	0.650602	25.7	0
NODE_929_length_83_cov_268.333333	1	83	2	70	84.3373	1.53012	31.1	0
NODE_930_length_83_cov_258.833333	1	83	26	83	100	22.7952	32.5	0.885
NODE_931_length_83_cov_224.333333	1	83	10	77	92.7711	6.86747	34	0
NODE_932_length_83_cov_188.000000	1	83	26	83	100	19.7831	34	0.269
NODE_933_length_83_cov_181.333333	1	83	81	83	100	52.4819	23.3	0.198
NODE_934_length_83_cov_166.500000	1	83	17	83	100	13.0241	34.5	6.82
NODE_935_length_83_cov_162.833333	1	83	9	83	100	7.56627	33.5	11.8
NODE_936_length_83_cov_156.666667	1	83	7	83	100	6.21687	34	2.57
NODE_937_length_83_cov_151.500000	1	83	7	83	100	5.16867	35.2	0
NODE_938_length_83_cov_136.000000	1	83	4	52	62.6506	2.39759	32.4	0
NODE_939_length_83_cov_112.666667	1	83	3	41	49.3976	1.3012	33.3	14.3
NODE_942_length_83_cov_109.000000	1	83	20	83	100	14.241	33.9	1.05
NODE_943_length_83_cov_96.500000	1	83	8	72	86.747	5.72289	36.3	0
NODE_945_length_83_cov_80.833333	1	83	12	83	100	8.92771	30.5	0
NODE_946_length_83_cov_75.000000	1	83	4	79	95.1807	3.63855	31.3	0
NODE_947_length_83_cov_74.166667	1	83	3	80	96.3855	2.42169	35.5	4.33
NODE_948_length_83_cov_65.166667	1	83	8	83	100	5.60241	31.3	0.875
NODE_950_length_83_cov_48.833333	1	83	5	83	100	3.96386	35	0.6
NODE_951_length_83_cov_46.666667	1	83	2	65	78.3133	1.56627	36.8	0
NODE_952_length_83_cov_44.500000	1	83	6	79	95.1807	5.51807	35.3	1.67
NODE_953_length_83_cov_43.833333	1	83	16	83	100	13.1205	34.7	1.44
NODE_954_length_83_cov_39.833333	1	83	1	45	54.2169	0.542169	37	0
NODE_956_length_83_cov_34.500000	1	83	1	64	77.1084	0.771084	36.8	0
NODE_957_length_83_cov_33.833333	1	83	1	59	71.0843	0.710843	35.5	0
NODE_960_length_83_cov_29.333333	1	83	1	61	73.494	0.73494	30.1	0
NODE_961_length_83_cov_26.833333	1	83	2	62	74.6988	1.3253	33.4	0
NODE_963_length_83_cov_23.166667	1	83	2	82	98.7952	1.10843	30.1	17.5
NODE_964_length_83_cov_14.833333	1	83	7	83	100	4.33735	32.7	0
NODE_966_length_82_cov_7928.000000	1	82	139	82	100	124.061	34.6	3.3
NODE_967_length_82_cov_4036.800000	1	82	72	82	100	51.2927	27.4	0.0417
NODE_968_length_82_cov_2521.400000	1	82	39	82	100	33.4146	33.7	5.41
NODE_969_length_82_cov_2518.400000	1	82	58	82	100	39.6098	26.5	0.0172
NODE_970_length_82_cov_1202.800000	1	82	58	82	100	50.9024	34.4	5.79
NODE_971_length_82_cov_891.000000	1	82	7	82	100	4.5122	33	0.143
NODE_972_length_82_cov_288.200000	1	82	3	69	84.1463	2.12195	33.1	0
NODE_973_length_82_cov_254.800000	1	82	4	80	97.561	3.41463	33.1	0.25
NODE_974_length_82_cov_249.000000	1	82	7	82	100	4.86585	32.6	0
NODE_976_length_82_cov_177.200000	1	82	2	64	78.0488	1.20732	28.7	0
NODE_977_length_82_cov_120.200000	1	82	8	80	97.561	6.57317	34.5	0.25
NODE_978_length_82_cov_97.800000	1	82	2	64	78.0488	1.42683	34.5	0
NODE_979_length_82_cov_95.400000	1	82	1	48	58.5366	0.585366	32.8	0
NODE_980_length_82_cov_85.000000	1	82	3	82	100	2.13415	31.2	3
NODE_982_length_82_cov_65.200000	1	82	8	82	100	6.68293	34.5	13.5
NODE_984_length_81_cov_8237.750000	1	81	206	81	100	188.346	35.2	2.61
NODE_985_length_81_cov_7781.250000	1	81	97	81	100	82.0864	35	0.33
NODE_986_length_81_cov_6040.500000	1	81	18	81	100	15.5185	32.5	0.389
NODE_987_length_81_cov_4536.250000	1	81	114	81	100	99.5802	30.5	3.55
NODE_988_length_81_cov_4416.250000	1	81	78	81	100	59.4691	28.2	0
NODE_989_length_81_cov_3698.750000	1	81	70	81	100	52.8889	27.9	0.0571
NODE_990_length_81_cov_3394.000000	1	81	54	81	100	38.5556	26.6	0.0185
NODE_991_length_81_cov_2460.500000	1	81	17	81	100	13.5432	31.7	1.41
NODE_992_length_81_cov_2210.750000	1	81	51	81	100	36.642	25.5	0.0588
NODE_993_length_81_cov_1868.500000	1	81	24	81	100	17.5926	33.1	2.46
NODE_994_length_81_cov_1790.000000	1	81	91	81	100	56.3457	34.9	3.15
NODE_995_length_81_cov_1562.500000	1	81	9	81	100	6.83951	32.2	4.78
NODE_996_length_81_cov_712.500000	1	81	108	81	100	90.2469	31.1	4.69
NODE_997_length_81_cov_563.750000	1	81	19	81	100	14.2963	35	0
NODE_998_length_81_cov_355.000000	1	81	5	81	100	4.19753	28.9	0.6
NODE_999_length_81_cov_339.000000	1	81	1	78	96.2963	0.962963	36.4	6
NODE_1000_length_81_cov_338.000000	1	81	11	81	100	9.1358	33.9	1.91
NODE_1001_length_81_cov_316.250000	1	81	166	81	100	128.284	23.8	7.91
NODE_1002_length_81_cov_173.750000	1	81	4	81	100	3.80247	36	0
NODE_1003_length_81_cov_172.250000	1	81	3	79	97.5309	1.87654	30.8	0
NODE_1004_length_80_cov_5925.000000	1	80	27	80	100	23.8875	33.4	0.222
NODE_1005_length_80_cov_5036.666667	1	80	125	80	100	93.375	35.1	1.67
NODE_1006_length_80_cov_2827.666667	1	80	33	80	100	25.2125	31.7	1.97
NODE_1007_length_80_cov_2084.333333	1	80	21	78	97.5	13.5125	26.8	0
NODE_1008_length_80_cov_1591.000000	1	80	20	80	100	15.35	32.3	0.5
NODE_1009_length_80_cov_1459.000000	1	80	9	80	100	4.6	32	6.11
NODE_1010_length_80_cov_1457.666667	1	80	40	80	100	32.9	35.1	1.93
NODE_1011_length_80_cov_1280.333333	1	80	2	71	88.75	1.55	36.6	0
NODE_1012_length_80_cov_1207.000000	1	80	2	76	95	1.5	27.7	0
NODE_1013_length_80_cov_917.666667	1	80	1	73	91.25	0.9125	36.2	0
NODE_1014_length_80_cov_912.333333	1	80	5	80	100	3.95	32.1	4.2
NODE_1015_length_80_cov_813.333333	1	80	38	80	100	26.5	34	11.1
NODE_1016_length_80_cov_784.666667	1	80	8	80	100	6.4125	33.5	0
NODE_1017_length_80_cov_772.666667	1	80	6	79	98.75	4.375	33.4	0
NODE_1018_length_80_cov_767.000000	1	80	3	70	87.5	1.8625	26.4	0
NODE_1019_length_80_cov_656.666667	1	80	4	80	100	2.325	31.8	0
NODE_1020_length_80_cov_566.333333	1	80	14	80	100	9.6125	34.2	0.286
NODE_1021_length_80_cov_470.000000	1	80	1	57	71.25	0.7125	32.2	0
NODE_1022_length_80_cov_468.333333	1	80	12	80	100	8.4	31.6	1.83
NODE_1023_length_80_cov_449.666667	1	80	120	80	100	102.8	30.9	3.38
NODE_1024_length_80_cov_434.000000	1	80	15	77	96.25	9.8625	32.7	0
NODE_1025_length_80_cov_382.000000	1	80	3	80	100	2.6875	35	0
NODE_1026_length_80_cov_379.666667	1	80	5	79	98.75	3.6125	35.6	0
NODE_1027_length_80_cov_366.666667	1	80	2	60	75	1.175	35.4	2
NODE_1029_length_80_cov_331.333333	1	80	4	79	98.75	3.3625	32.4	5
NODE_1031_length_80_cov_325.000000	1	80	7	80	100	5.5375	33.1	10
NODE_1032_length_80_cov_309.000000	1	80	2	64	80	1.475	27.7	0
NODE_1033_length_80_cov_293.666667	1	80	5	80	100	3.5875	34.2	0
NODE_1036_length_80_cov_259.666667	1	80	18	80	100	13.325	35.5	2.11
NODE_1037_length_80_cov_250.000000	1	80	6	39	48.75	2.475	34.1	24.3
NODE_1038_length_80_cov_245.666667	1	80	6	79	98.75	3.075	32.9	4.33
NODE_1039_length_80_cov_197.666667	1	80	7	77	96.25	4.95	33.3	0
NODE_1040_length_80_cov_177.666667	1	80	1	36	45	0.45	32	0
NODE_1043_length_80_cov_164.000000	1	80	6	71	88.75	4.9625	34	0
NODE_1045_length_80_cov_148.333333	1	80	36	78	97.5	27.4625	35.3	0
NODE_1046_length_80_cov_147.000000	1	80	8	50	62.5	4.5625	34.9	20.8
NODE_1047_length_80_cov_146.333333	1	80	7	79	98.75	3.5625	29.8	4.71
NODE_1048_length_80_cov_137.333333	1	80	4	71	88.75	3.0125	32.1	0
NODE_1049_length_80_cov_137.333333	1	80	3	80	100	2.175	33.5	0.333
NODE_1050_length_80_cov_131.333333	1	80	5	77	96.25	4.3625	33.8	0
NODE_1051_length_80_cov_126.333333	1	80	2	73	91.25	1.6	31.2	0
NODE_1052_length_80_cov_104.666667	1	80	9	78	97.5	7.6375	34.6	0
NODE_1053_length_80_cov_103.666667	1	80	2	73	91.25	1.725	36.7	0
NODE_1054_length_80_cov_99.000000	1	80	10	80	100	6.625	34	0.5
NODE_1055_length_80_cov_88.666667	1	80	17	80	100	14.45	35.9	0
NODE_1056_length_80_cov_78.000000	1	80	17	77	96.25	11.925	35.3	0
NODE_1058_length_80_cov_76.000000	1	80	3	67	83.75	1.825	35	0
NODE_1059_length_80_cov_64.000000	1	80	3	68	85	2.3625	32.8	0
NODE_1060_length_80_cov_61.000000	1	80	7	74	92.5	5.9625	33.3	0
NODE_1061_length_80_cov_61.000000	1	80	2	77	96.25	1.7375	32.5	0
NODE_1062_length_80_cov_59.666667	1	80	3	77	96.25	2.3125	30.5	0
NODE_1063_length_80_cov_59.333333	1	80	8	80	100	6.1125	33.1	0
NODE_1064_length_80_cov_59.333333	1	80	2	78	97.5	1.8875	31.8	0
NODE_1065_length_80_cov_50.333333	1	80	1	75	93.75	0.9375	36.2	0
NODE_1067_length_80_cov_34.000000	1	80	2	63	78.75	1.575	36.3	0
NODE_1069_length_80_cov_28.333333	1	80	19	53	66.25	10.8375	35.5	31.9
NODE_1072_length_80_cov_26.000000	1	80	3	71	88.75	2.5375	32.4	0
NODE_1073_length_80_cov_23.666667	1	80	6	66	82.5	4.75	35.1	0
NODE_1074_length_80_cov_14.666667	1	80	2	76	95	1.6375	33.3	0
NODE_1075_length_80_cov_13.666667	1	80	4	52	65	2.4875	35.5	0
NODE_1077_length_79_cov_8374.000000	1	79	136	79	100	110.418	35.3	0.169
NODE_1078_length_79_cov_6177.500000	1	79	21	79	100	13.1519	33	0.0476
NODE_1079_length_79_cov_5063.500000	1	79	53	79	100	48.2405	35	2.13
NODE_1080_length_79_cov_4597.500000	1	79	66	79	100	52.8101	28.9	0.439
NODE_1081_length_79_cov_4376.500000	1	79	36	79	100	31.4177	35.1	0
NODE_1082_length_79_cov_3635.000000	1	79	319	79	100	237.924	35.2	7.07
NODE_1083_length_79_cov_2704.500000	1	79	56	79	100	51.2658	34.5	0.0714
NODE_1084_length_79_cov_2298.000000	1	79	56	79	100	48.9367	33.8	1.71
NODE_1085_length_79_cov_2047.500000	1	79	33	79	100	29.7342	34.6	3.85
NODE_1086_length_79_cov_1871.500000	1	79	44	79	100	36.5823	35.3	0
NODE_1087_length_79_cov_1268.500000	1	79	48	79	100	29.2405	34.3	4.38
NODE_1088_length_79_cov_1046.000000	1	79	7	79	100	6.32911	33.2	0
NODE_1089_length_79_cov_958.500000	1	79	8	79	100	5.44304	33.2	0
NODE_1090_length_79_cov_606.000000	1	79	2	75	94.9367	1.51899	22.2	0
NODE_1091_length_79_cov_556.500000	1	79	1	65	82.2785	0.822785	31.8	0
NODE_1092_length_79_cov_343.500000	1	79	19	79	100	16	33.8	0.105
NODE_1093_length_79_cov_292.000000	1	79	1	63	79.7468	0.797468	35	0
NODE_1094_length_79_cov_243.500000	1	79	3	68	86.0759	2.43038	33.5	0
NODE_1095_length_79_cov_241.000000	1	79	7	79	100	5.41772	35	0
NODE_1096_length_79_cov_231.000000	1	79	1	43	54.4304	0.544304	33.2	0
NODE_1097_length_79_cov_208.500000	1	79	7	79	100	6.43038	35.2	0
NODE_1099_length_79_cov_194.500000	1	79	8	79	100	6.59494	34.4	14.8
NODE_1100_length_79_cov_192.500000	1	79	26	79	100	20.9873	34.5	0.308
NODE_1101_length_79_cov_161.500000	1	79	5	67	84.8101	3.56962	35	0
NODE_1102_length_79_cov_140.500000	1	79	8	55	69.6203	4.83544	33.9	0
NODE_1103_length_79_cov_139.000000	1	79	1	55	69.6203	0.696203	36.5	0
NODE_1104_length_79_cov_134.000000	1	79	4	79	100	2.25316	36.4	0.5
NODE_1106_length_79_cov_105.500000	1	79	3	78	98.7342	2.40506	32.4	0
NODE_1107_length_79_cov_98.000000	1	79	7	79	100	5.56962	32.7	0
NODE_1108_length_79_cov_92.500000	1	79	2	78	98.7342	1.93671	32	0
NODE_1110_length_79_cov_78.500000	1	79	6	53	67.0886	3.75949	36.4	0
NODE_1112_length_79_cov_71.500000	1	79	4	79	100	2.82278	34.3	0
NODE_1113_length_79_cov_68.500000	1	79	4	74	93.6709	2.98734	33.3	0
NODE_1114_length_79_cov_48.500000	1	79	1	54	68.3544	0.683544	35.9	0
NODE_1115_length_79_cov_48.000000	1	79	4	76	96.2025	2.87342	31.2	0
NODE_1116_length_79_cov_47.500000	1	79	6	79	100	5.35443	34.9	0
NODE_1117_length_79_cov_40.000000	1	79	16	79	100	14.1392	32.6	29
NODE_1118_length_79_cov_35.000000	1	79	4	79	100	2.25316	33	5
NODE_1119_length_79_cov_32.000000	1	79	8	79	100	6.88608	34.3	0
NODE_1120_length_79_cov_31.500000	1	79	1	44	55.6962	0.556962	36.4	0
NODE_1121_length_79_cov_22.000000	1	79	3	52	65.8228	1.91139	30.1	0
NODE_1122_length_79_cov_17.500000	1	79	12	37	46.8354	5.07595	22.2	6.92
NODE_1123_length_78_cov_559966.000000	1	78	8	78	100	8	33	0
NODE_1124_length_78_cov_16608.000000	1	78	17	78	100	12.1538	26.1	0
NODE_1125_length_78_cov_12229.000000	1	78	13	78	100	13	33.3	0
NODE_1126_length_78_cov_8682.000000	1	78	17	78	100	15.8974	32.8	4
NODE_1127_length_78_cov_8384.000000	1	78	9	78	100	8.62821	31.6	14.6
NODE_1128_length_78_cov_5669.000000	1	78	9	78	100	8.08974	32.2	0
NODE_1129_length_78_cov_4696.000000	1	78	45	78	100	34.8462	28.3	0
NODE_1130_length_78_cov_4673.000000	1	78	50	78	100	41.5385	29.8	0
NODE_1131_length_78_cov_4629.000000	1	78	20	78	100	18.0128	29.8	4.1
NODE_1132_length_78_cov_4600.000000	1	78	52	78	100	41.2564	28.6	0
NODE_1133_length_78_cov_4577.000000	1	78	67	78	100	55.1667	29.6	0
NODE_1134_length_78_cov_3465.000000	1	78	7	76	97.4359	5.5641	32.9	0
NODE_1135_length_78_cov_3385.000000	1	78	47	78	100	32.5	26	0
NODE_1136_length_78_cov_3190.000000	1	78	43	78	100	40.9103	31.6	9.84
NODE_1137_length_78_cov_2801.000000	1	78	46	78	100	31.1538	27.5	0
NODE_1138_length_78_cov_2463.000000	1	78	24	78	100	15.6282	25.2	0
NODE_1139_length_78_cov_2030.000000	1	78	18	78	100	16.0128	34.9	14.1
NODE_1140_length_78_cov_1696.000000	1	78	19	78	100	11.641	23.3	0
NODE_1141_length_78_cov_1027.000000	1	78	3	69	88.4615	2.23077	33.4	0
NODE_1142_length_78_cov_816.000000	1	78	3	63	80.7692	2	24.8	0
NODE_1143_length_78_cov_808.000000	1	78	56	78	100	49.1026	34.6	0
NODE_1144_length_78_cov_787.000000	1	78	63	78	100	49.3974	34.6	18.5
NODE_1145_length_78_cov_660.000000	1	78	7	78	100	4.34615	31.2	0
NODE_1146_length_78_cov_610.000000	1	78	28	78	100	24.5385	29.6	0
NODE_1147_length_78_cov_564.000000	1	78	4	69	88.4615	2.83333	34.2	0
NODE_1150_length_78_cov_345.000000	1	78	58	78	100	58	23.8	58.8
NODE_1151_length_78_cov_323.000000	1	78	52	78	100	46.0897	34.9	3.67
NODE_1152_length_78_cov_308.000000	1	78	1	57	73.0769	0.730769	35.4	0
NODE_1153_length_78_cov_303.000000	1	78	13	78	100	10.6154	33.5	0
NODE_1154_length_78_cov_274.000000	1	78	58	78	100	44.2821	34.7	0.569
NODE_1155_length_78_cov_251.000000	1	78	1	64	82.0513	0.820513	36.8	0
NODE_1157_length_78_cov_166.000000	1	78	12	78	100	11.8974	27.1	11.6
NODE_1158_length_78_cov_155.000000	1	78	2	70	89.7436	1.20513	32	0
NODE_1159_length_78_cov_145.000000	1	78	8	59	75.641	5.26923	34.8	2.38
NODE_1161_length_78_cov_77.000000	1	78	1	77	98.7179	0.987179	32.3	0
NODE_186_length_155_cov_49.435897	1	155	0	0	0	0	0	0
NODE_206_length_155_cov_33.333333	1	155	0	0	0	0	0	0
NODE_211_length_155_cov_30.384615	1	155	0	0	0	0	0	0
NODE_424_length_113_cov_39.916667	1	113	0	0	0	0	0	0
NODE_478_length_107_cov_88.566667	1	107	0	0	0	0	0	0
NODE_505_length_104_cov_58.333333	1	104	0	0	0	0	0	0
NODE_526_length_102_cov_147.720000	1	102	0	0	0	0	0	0
NODE_555_length_101_cov_30.666667	1	101	0	0	0	0	0	0
NODE_603_length_98_cov_18.285714	1	98	0	0	0	0	0	0
NODE_619_length_97_cov_16.850000	1	97	0	0	0	0	0	0
NODE_622_length_96_cov_216.473684	1	96	0	0	0	0	0	0
NODE_705_length_92_cov_116.600000	1	92	0	0	0	0	0	0
NODE_709_length_92_cov_74.600000	1	92	0	0	0	0	0	0
NODE_711_length_92_cov_68.933333	1	92	0	0	0	0	0	0
NODE_712_length_92_cov_57.666667	1	92	0	0	0	0	0	0
NODE_715_length_92_cov_36.000000	1	92	0	0	0	0	0	0
NODE_744_length_90_cov_97.846154	1	90	0	0	0	0	0	0
NODE_745_length_90_cov_70.153846	1	90	0	0	0	0	0	0
NODE_769_length_89_cov_223.916667	1	89	0	0	0	0	0	0
NODE_789_length_89_cov_85.583333	1	89	0	0	0	0	0	0
NODE_792_length_89_cov_74.166667	1	89	0	0	0	0	0	0
NODE_795_length_89_cov_42.000000	1	89	0	0	0	0	0	0
NODE_796_length_89_cov_35.250000	1	89	0	0	0	0	0	0
NODE_797_length_89_cov_32.083333	1	89	0	0	0	0	0	0
NODE_799_length_89_cov_30.750000	1	89	0	0	0	0	0	0
NODE_812_length_88_cov_32.454545	1	88	0	0	0	0	0	0
NODE_820_length_87_cov_104.000000	1	87	0	0	0	0	0	0
NODE_852_length_86_cov_253.888889	1	86	0	0	0	0	0	0
NODE_865_length_86_cov_108.222222	1	86	0	0	0	0	0	0
NODE_870_length_86_cov_85.222222	1	86	0	0	0	0	0	0
NODE_872_length_86_cov_78.000000	1	86	0	0	0	0	0	0
NODE_875_length_86_cov_49.444444	1	86	0	0	0	0	0	0
NODE_876_length_86_cov_36.333333	1	86	0	0	0	0	0	0
NODE_891_length_85_cov_85.750000	1	85	0	0	0	0	0	0
NODE_904_length_84_cov_132.000000	1	84	0	0	0	0	0	0
NODE_906_length_84_cov_31.571429	1	84	0	0	0	0	0	0
NODE_940_length_83_cov_111.000000	1	83	0	0	0	0	0	0
NODE_941_length_83_cov_110.833333	1	83	0	0	0	0	0	0
NODE_944_length_83_cov_96.166667	1	83	0	0	0	0	0	0
NODE_949_length_83_cov_56.666667	1	83	0	0	0	0	0	0
NODE_955_length_83_cov_39.166667	1	83	0	0	0	0	0	0
NODE_958_length_83_cov_33.000000	1	83	0	0	0	0	0	0
NODE_959_length_83_cov_30.833333	1	83	0	0	0	0	0	0
NODE_962_length_83_cov_23.500000	1	83	0	0	0	0	0	0
NODE_965_length_83_cov_12.666667	1	83	0	0	0	0	0	0
NODE_975_length_82_cov_187.200000	1	82	0	0	0	0	0	0
NODE_981_length_82_cov_69.600000	1	82	0	0	0	0	0	0
NODE_983_length_82_cov_41.800000	1	82	0	0	0	0	0	0
NODE_1028_length_80_cov_333.333333	1	80	0	0	0	0	0	0
NODE_1030_length_80_cov_327.666667	1	80	0	0	0	0	0	0
NODE_1034_length_80_cov_290.000000	1	80	0	0	0	0	0	0
NODE_1035_length_80_cov_280.333333	1	80	0	0	0	0	0	0
NODE_1041_length_80_cov_176.666667	1	80	0	0	0	0	0	0
NODE_1042_length_80_cov_169.333333	1	80	0	0	0	0	0	0
NODE_1044_length_80_cov_159.000000	1	80	0	0	0	0	0	0
NODE_1057_length_80_cov_77.666667	1	80	0	0	0	0	0	0
NODE_1066_length_80_cov_40.000000	1	80	0	0	0	0	0	0
NODE_1068_length_80_cov_30.666667	1	80	0	0	0	0	0	0
NODE_1070_length_80_cov_28.000000	1	80	0	0	0	0	0	0
NODE_1071_length_80_cov_27.000000	1	80	0	0	0	0	0	0
NODE_1076_length_80_cov_5.000000	1	80	0	0	0	0	0	0
NODE_1098_length_79_cov_196.500000	1	79	0	0	0	0	0	0
NODE_1105_length_79_cov_112.500000	1	79	0	0	0	0	0	0
NODE_1109_length_79_cov_81.000000	1	79	0	0	0	0	0	0
NODE_1111_length_79_cov_78.000000	1	79	0	0	0	0	0	0
NODE_1148_length_78_cov_480.000000	1	78	0	0	0	0	0	0
NODE_1149_length_78_cov_427.000000	1	78	0	0	0	0	0	0
NODE_1156_length_78_cov_205.000000	1	78	0	0	0	0	0	0
NODE_1160_length_78_cov_143.000000	1	78	0	0	0	0	0	0
