#rname	startpos	endpos	numreads	covbases	coverage	meandepth	meanbaseq	meanmapq
NODE_1_length_49460_cov_40.057246	1	49460	33264	49460	100	97.6949	35.2	59.5
NODE_2_length_30429_cov_101.589154	1	30429	47732	30429	100	229.345	34.9	46
NODE_3_length_26805_cov_463.564202	1	26805	198071	26805	100	1091.42	35.2	59.9
NODE_4_length_19429_cov_44.291546	1	19429	14150	19429	100	107.148	35.1	58.5
NODE_5_length_18366_cov_39.259336	1	18366	12329	18366	100	97.1565	35.1	59
NODE_6_length_15701_cov_45.455965	1	15701	12058	15701	100	107.803	35	54.4
NODE_7_length_11387_cov_50.221485	1	11387	10773	11387	100	137.137	34.9	55.6
NODE_8_length_9900_cov_84.195561	1	9900	19383	9900	100	276.308	35.1	54.1
NODE_9_length_8847_cov_80.909122	1	8847	15325	8847	100	241.464	35.1	53.5
NODE_10_length_8093_cov_41.025574	1	8093	5777	8093	100	103.234	35	57.1
NODE_11_length_6280_cov_40.711656	1	6280	5076	6280	100	106.66	35.1	57.9
NODE_12_length_5696_cov_43.480691	1	5696	5121	5696	100	120.775	35.1	57.2
NODE_13_length_4399_cov_72.323230	1	4399	7926	4399	100	258.147	34.7	49.3
NODE_14_length_3835_cov_45.587014	1	3835	2993	3835	100	113.074	35.1	57.2
NODE_15_length_3799_cov_734.977431	1	3799	43240	3799	100	1698.51	35.1	59.8
NODE_16_length_2247_cov_44.824885	1	2247	2184	2247	100	130.162	34.9	45.7
NODE_17_length_2139_cov_687.578565	1	2139	22597	2139	100	1572.68	35	59.7
NODE_18_length_2059_cov_42.643290	1	2059	1991	2059	100	131.898	35.2	56.5
NODE_19_length_1834_cov_40.501423	1	1834	1268	1834	100	97.1107	35	56.9
NODE_20_length_1754_cov_624.626118	1	1754	17123	1754	100	1438.62	34.9	59.6
NODE_21_length_1404_cov_618.453655	1	1404	12987	1404	100	1374.09	35.1	59.6
NODE_22_length_1356_cov_857.476153	1	1356	8743	1356	100	934.529	34.3	25.6
NODE_23_length_1355_cov_277.845853	1	1355	4703	1355	100	507.208	34.7	31.5
NODE_24_length_1302_cov_79.058776	1	1302	1816	1302	100	204.708	34.9	57.8
NODE_25_length_1245_cov_703.284247	1	1245	13056	1245	100	1551.72	35.1	59.3
NODE_26_length_1209_cov_92.855124	1	1209	3011	1209	100	344.311	34.7	48.5
NODE_27_length_1105_cov_286.254864	1	1105	4022	1105	100	505.929	34.2	43.9
NODE_28_length_840_cov_82.306684	1	840	1240	840	100	215	35.1	55.6
NODE_29_length_804_cov_57.398900	1	804	945	804	100	165.322	35	52.1
NODE_30_length_707_cov_732.214286	1	707	7705	707	100	1592.93	35	58.9
NODE_31_length_620_cov_678.508287	1	620	5866	620	100	1394.89	35	59.2
NODE_32_length_595_cov_280.924710	1	595	3918	595	100	892.703	35	40.3
NODE_33_length_594_cov_80.234043	1	594	696	594	100	170.04	35.4	59.3
NODE_34_length_564_cov_648.669405	1	564	5149	564	100	1332.72	35	58.7
NODE_35_length_542_cov_53.550538	1	542	615	542	100	145.474	35.1	53.7
NODE_36_length_523_cov_486.390135	1	523	3739	523	100	1058.13	35.2	54.7
NODE_37_length_500_cov_327.855792	1	500	2780	500	100	762.004	35	51.9
NODE_38_length_454_cov_435.015915	1	454	2947	454	100	912.707	35.2	53.8
NODE_39_length_435_cov_82.385475	1	435	514	435	100	155.936	35.4	52.3
NODE_40_length_419_cov_170.742690	1	419	944	419	100	316.346	34.6	26.5
NODE_41_length_402_cov_78.732308	1	402	462	402	100	167.301	35.2	54.7
NODE_42_length_387_cov_366.474194	1	387	3223	387	100	1198.08	34.5	34.4
NODE_43_length_383_cov_581.254902	1	383	3039	383	100	1143.68	35.2	55.4
NODE_44_length_376_cov_554.785953	1	376	2717	376	100	1044.27	34.7	58.4
NODE_45_length_356_cov_672.322581	1	356	3126	356	100	1268.12	34.7	58.5
NODE_46_length_351_cov_66.427007	1	351	850	351	100	221.57	35.1	33.1
NODE_47_length_347_cov_107.355556	1	347	473	347	100	187.576	35.2	49.7
NODE_48_length_344_cov_46.831461	1	344	175	344	100	74.2151	35.3	53.3
NODE_49_length_340_cov_43.019011	1	340	298	340	100	101.971	35	46.5
NODE_50_length_340_cov_39.615970	1	340	255	340	100	88.5912	35.3	46.6
NODE_51_length_338_cov_73.735632	1	338	299	338	100	127.553	35.2	50.1
NODE_52_length_322_cov_140.991837	1	322	606	322	100	263.543	35.1	56.9
NODE_53_length_311_cov_585.623932	1	311	4884	311	100	2291.93	34.4	41.3
NODE_54_length_305_cov_85.083333	1	305	880	305	100	367.492	35.1	56.8
NODE_55_length_296_cov_166.146119	1	296	2098	296	100	996.429	34.5	46.4
NODE_56_length_293_cov_78.685185	1	293	286	293	100	140.846	35	51.3
NODE_57_length_290_cov_65.906103	1	290	245	290	100	116.514	34.8	42.7
NODE_58_length_287_cov_45.004762	1	287	174	287	100	80.3101	34.2	51.3
NODE_59_length_283_cov_73.155340	1	283	588	283	100	203.943	35	38.9
NODE_60_length_282_cov_240.595122	1	282	976	282	100	492.11	35.1	39.7
NODE_61_length_271_cov_331.726804	1	271	1188	271	100	625.399	34.7	51.8
NODE_62_length_266_cov_450.756614	1	266	1635	266	100	875.737	35.2	44.7
NODE_63_length_259_cov_244.950549	1	259	662	259	100	365.097	34.9	46.4
NODE_64_length_259_cov_127.208791	1	259	334	259	100	186.575	35.5	58.1
NODE_65_length_253_cov_280.795455	1	253	857	253	100	411.091	35.1	57.2
NODE_66_length_243_cov_46.759036	1	243	307	243	100	180.082	34.8	42.6
NODE_67_length_238_cov_45.111801	1	238	333	238	100	189.912	35	32.9
NODE_68_length_235_cov_199.082278	1	235	150	235	100	88.9574	34.9	51.8
NODE_69_length_230_cov_51.751634	1	230	51	230	100	32.7652	35	52.8
NODE_70_length_224_cov_291.054422	1	224	518	224	100	330.089	35.2	49.1
NODE_71_length_221_cov_96.770833	1	221	340	221	100	184.769	34.7	46.3
NODE_72_length_220_cov_46.139860	1	220	116	220	100	74.3	34.9	52.2
NODE_73_length_218_cov_72.489362	1	218	256	218	100	140.523	35	40
NODE_74_length_218_cov_50.645390	1	218	236	218	100	115.005	35.1	40.2
NODE_75_length_214_cov_384.591241	1	214	973	214	100	635.659	35	48.1
NODE_76_length_212_cov_533.370370	1	212	1506	212	100	937.594	34.2	55.7
NODE_77_length_210_cov_230.917293	1	210	25592	210	100	15975.2	32.3	46.3
NODE_78_length_209_cov_394.560606	1	209	2438	209	100	1622.87	34.3	51.6
NODE_79_length_209_cov_244.848485	1	209	377	209	100	250.086	35.1	38.1
NODE_80_length_209_cov_111.462121	1	209	418	209	100	235.703	34.4	52
NODE_81_length_206_cov_54.038760	1	206	72	206	100	47.9612	33.8	31.5
NODE_82_length_203_cov_87.507937	1	203	129	203	100	89.2463	35.2	40.8
NODE_83_length_200_cov_84.252033	1	200	226	200	100	150.03	34.5	42.7
NODE_84_length_198_cov_2098.247934	1	198	5262	198	100	3421.72	34.6	54.5
NODE_85_length_198_cov_55.264463	1	198	179	198	100	93.4899	35.2	37
NODE_86_length_196_cov_322.991597	1	196	414	196	100	297.24	35.1	39.8
NODE_87_length_196_cov_57.386555	1	196	163	196	100	108.015	34.7	47.7
NODE_88_length_194_cov_671.418803	1	194	1112	194	100	744.835	33.7	35.7
NODE_89_length_191_cov_68.596491	1	191	125	191	100	72.2251	35.5	40.9
NODE_90_length_191_cov_46.614035	1	191	57	191	100	41.178	34.8	52.9
NODE_91_length_190_cov_97.398230	1	190	206	190	100	150.421	35.1	48
NODE_92_length_181_cov_106.057692	1	181	284	181	100	202.923	34.7	49.3
NODE_93_length_181_cov_50.528846	1	181	115	181	100	86.5249	34.3	37.9
NODE_94_length_178_cov_81.772277	1	178	186	178	100	141.528	34.2	44.8
NODE_95_length_176_cov_238.131313	1	176	261	176	100	202.812	34.8	45.8
NODE_96_length_175_cov_147.224490	1	175	541	175	100	412.589	34.9	41.6
NODE_97_length_175_cov_70.489796	1	175	199	175	100	124.006	34.4	33.2
NODE_98_length_173_cov_241.906250	1	173	272	173	100	222.803	34.4	36.2
NODE_99_length_173_cov_165.593750	1	173	303	173	100	212.179	34	42.4
NODE_100_length_173_cov_96.802083	1	173	126	173	100	99.8844	34.2	30.8
NODE_101_length_173_cov_89.031250	1	173	146	173	100	111.723	34.3	45.4
NODE_102_length_169_cov_163.663043	1	169	282	169	100	214.041	35.1	41
NODE_103_length_165_cov_533.295455	1	165	663	165	100	526.521	35.3	51.6
NODE_104_length_165_cov_42.909091	1	165	130	165	100	80.4424	34.3	32.5
NODE_105_length_164_cov_200.229885	1	164	502	164	100	349.384	34.3	33.7
NODE_106_length_164_cov_199.770115	1	164	489	164	100	360.47	34.5	31.4
NODE_107_length_164_cov_91.643678	1	164	129	164	100	105.293	34.5	48.2
NODE_108_length_162_cov_112.282353	1	162	1578	162	100	1261.96	34.8	30.2
NODE_109_length_161_cov_132.785714	1	161	245	161	100	191.348	34.7	47.1
NODE_110_length_160_cov_159.192771	1	160	72	160	100	57.1875	34.9	30.3
NODE_111_length_158_cov_311.419753	1	158	339	158	100	282.209	34.5	50.8
NODE_112_length_158_cov_56.814815	1	158	129	158	100	104.278	34.6	38.4
NODE_113_length_158_cov_41.135802	1	158	81	158	100	49.019	34.7	36.5
NODE_114_length_157_cov_262.087500	1	157	634	157	100	469.471	34.3	30.7
NODE_115_length_156_cov_135.468354	1	156	283	156	100	226.667	34.4	42.6
NODE_116_length_155_cov_332.641026	1	155	3430	155	100	2192.6	26.2	35.9
NODE_117_length_155_cov_321.589744	1	155	424	155	100	360.619	35	30.3
NODE_118_length_155_cov_306.935897	1	155	422	155	100	357.845	34.8	29.7
NODE_119_length_155_cov_251.448718	1	155	148	155	100	125.497	35.5	24.5
NODE_120_length_155_cov_230.192308	1	155	42	155	100	35.1806	34.8	14
NODE_121_length_155_cov_217.576923	1	155	132	155	100	113.432	35.2	25.5
NODE_122_length_155_cov_207.384615	1	155	38	155	100	28.9032	33.8	8.84
NODE_123_length_155_cov_200.628205	1	155	268	155	100	131.729	35.1	30.4
NODE_124_length_155_cov_154.128205	1	155	1006	155	100	861.606	34.6	38.9
NODE_125_length_155_cov_124.782051	1	155	12	155	100	9.76774	35.1	26
NODE_126_length_155_cov_94.846154	1	155	1272	155	100	1104.37	34.5	40.5
NODE_127_length_155_cov_84.923077	1	155	215	155	100	171.026	34.2	25.9
NODE_128_length_155_cov_83.230769	1	155	3179	155	100	1341.85	28.5	26.7
NODE_129_length_155_cov_76.269231	1	155	84	155	100	72.2903	34.6	27.6
NODE_130_length_155_cov_75.910256	1	155	37	155	100	32.3613	35.1	18.7
NODE_131_length_155_cov_68.871795	1	155	164	155	100	124.613	34.7	34.4
NODE_132_length_155_cov_56.833333	1	155	128	155	100	113.69	35	36.7
NODE_133_length_155_cov_51.871795	1	155	145	155	100	124.284	33.9	37.6
NODE_134_length_155_cov_48.820513	1	155	18	155	100	15.2387	35.6	22.9
NODE_135_length_155_cov_48.423077	1	155	279	155	100	172.768	35.4	59.9
NODE_136_length_155_cov_46.948718	1	155	121	155	100	101.316	35.1	16
NODE_137_length_155_cov_42.269231	1	155	191	155	100	140.645	34.5	26.9
NODE_138_length_155_cov_40.666667	1	155	54	155	100	46.6323	34.9	25.6
NODE_139_length_155_cov_40.320513	1	155	48	155	100	39.9097	33.9	25
NODE_140_length_155_cov_39.717949	1	155	68	155	100	50.4774	33.6	28.9
NODE_141_length_155_cov_39.615385	1	155	53	155	100	34.8774	33.5	23
NODE_142_length_155_cov_39.205128	1	155	50	155	100	43.3419	35.1	21.7
NODE_143_length_154_cov_194.376623	1	154	258	154	100	204.825	34.7	45.8
NODE_144_length_154_cov_111.402597	1	154	2803	154	100	2265.94	27.8	10
NODE_145_length_154_cov_63.480519	1	154	1592	154	100	1274.08	26.7	17
NODE_146_length_153_cov_159.973684	1	153	2182	153	100	1656.76	26.1	9.08
NODE_147_length_152_cov_355.106667	1	152	1669	152	100	1450.6	34.6	51.5
NODE_148_length_152_cov_341.986667	1	152	222	152	100	199.586	34.7	38.2
NODE_149_length_152_cov_104.680000	1	152	2155	152	100	1736.86	25.9	16.9
NODE_150_length_151_cov_45.297297	1	151	268	151	100	141.623	33.7	19.1
NODE_151_length_149_cov_1688.361111	1	149	918	149	100	774.919	35	13.8
NODE_152_length_149_cov_375.041667	1	149	382	149	100	332.027	34.9	29.8
NODE_153_length_149_cov_364.944444	1	149	416	149	100	355.792	35	48.8
NODE_154_length_149_cov_102.194444	1	149	73	149	100	61.4966	34.2	25.2
NODE_155_length_149_cov_67.569444	1	149	474	149	100	429.805	34.6	26.5
NODE_156_length_149_cov_47.944444	1	149	95	149	100	73.2483	33.8	34.1
NODE_157_length_148_cov_209.563380	1	148	211	148	100	185.973	35.2	28.4
NODE_158_length_148_cov_49.056338	1	148	104	148	100	92.4797	35.3	17.4
NODE_159_length_147_cov_207.800000	1	147	17	147	100	12.5714	32.7	10.9
NODE_160_length_147_cov_47.185714	1	147	69	147	100	57.3333	35	46.6
NODE_161_length_146_cov_2047.710145	1	146	440	146	100	282.493	35.1	12.8
NODE_162_length_146_cov_310.492754	1	146	582	146	100	488.11	34.9	32.4
NODE_163_length_146_cov_44.724638	1	146	39	146	100	33.0822	33.4	26.3
NODE_164_length_145_cov_106.691176	1	145	250	145	100	202.152	34.5	31.3
NODE_165_length_144_cov_271.223881	1	144	127	144	100	110.188	34.5	15.5
NODE_166_length_144_cov_166.626866	1	144	170	144	100	152.035	35.3	54.5
NODE_167_length_144_cov_62.044776	1	144	129	144	100	99.1736	33	27.8
NODE_168_length_143_cov_155.651515	1	143	143	143	100	129.839	35.4	52.9
NODE_169_length_143_cov_55.803030	1	143	56	143	100	50.3007	35.5	48.2
NODE_170_length_143_cov_44.212121	1	143	80	143	100	65.2238	34.6	13.1
NODE_171_length_143_cov_39.681818	1	143	17	143	100	13.8531	32.6	17.8
NODE_172_length_142_cov_138.753846	1	142	202	142	100	177.451	33.4	26.5
NODE_173_length_141_cov_93.656250	1	141	154	141	100	133.858	33.5	19.5
NODE_174_length_141_cov_40.046875	1	141	141	141	100	74.2411	33	27.6
NODE_175_length_140_cov_233.507937	1	140	307	140	100	269.679	34.8	42.3
NODE_176_length_140_cov_154.857143	1	140	311	140	100	259.729	34.7	36
NODE_177_length_140_cov_141.603175	1	140	24	140	100	17.0643	32.8	19.2
NODE_178_length_140_cov_124.174603	1	140	99	140	100	89.4214	34.6	21.2
NODE_179_length_140_cov_46.428571	1	140	46	140	100	41.2071	35.3	48.5
NODE_180_length_139_cov_47.758065	1	139	32	139	100	26.9065	34.5	26.1
NODE_181_length_138_cov_104.245902	1	138	1728	138	100	1407.08	25.5	9.16
NODE_182_length_138_cov_99.245902	1	138	73	138	100	58.1449	34.5	16.6
NODE_183_length_137_cov_452.916667	1	137	529	137	100	487.234	34.3	42.9
NODE_184_length_137_cov_114.533333	1	137	32	137	100	18.1022	34	12.2
NODE_185_length_137_cov_94.266667	1	137	55	137	100	45.4161	34.4	15.1
NODE_186_length_137_cov_85.650000	1	137	30	137	100	28.7153	34.7	28
NODE_187_length_137_cov_47.516667	1	137	121	137	100	102.547	34.5	12.1
NODE_188_length_136_cov_382.220339	1	136	426	136	100	369.199	35.3	46.4
NODE_189_length_135_cov_219.913793	1	135	145	135	100	130.311	34.8	25.8
NODE_190_length_135_cov_145.482759	1	135	165	135	100	149.563	34.8	42.6
NODE_191_length_135_cov_66.913793	1	135	71	135	100	53.3778	33.6	25.3
NODE_192_length_134_cov_262.929825	1	134	34	134	100	9.47761	35	11.1
NODE_193_length_133_cov_62.535714	1	133	251	133	100	201.722	35.1	34.4
NODE_194_length_132_cov_223.436364	1	132	50	132	100	44.6894	34.6	18.3
NODE_195_length_131_cov_125.055556	1	131	30	131	100	26.8168	34.9	20.7
NODE_196_length_131_cov_94.629630	1	131	1	39	29.771	0.29771	31.4	0
NODE_197_length_131_cov_52.574074	1	131	1	42	32.0611	0.320611	32.6	0
NODE_198_length_131_cov_47.888889	1	131	17	131	100	9.8855	34	2.65
NODE_199_length_131_cov_45.407407	1	131	35	131	100	28.0305	34.9	16.3
NODE_200_length_131_cov_41.611111	1	131	74	131	100	59.8855	34.9	14.4
NODE_201_length_129_cov_102.153846	1	129	78	129	100	68.3876	35.6	24.2
NODE_202_length_129_cov_58.980769	1	129	5	113	87.5969	2.39535	35.2	1.8
NODE_203_length_128_cov_339.254902	1	128	171	128	100	156.273	34.5	25.9
NODE_204_length_128_cov_153.392157	1	128	19	128	100	15.5547	33.5	42.4
NODE_205_length_128_cov_42.509804	1	128	70	128	100	64.8438	34.6	36.9
NODE_206_length_127_cov_99.160000	1	127	133	127	100	108.441	34.8	30.6
NODE_207_length_126_cov_266.428571	1	126	233	126	100	215.063	34.7	26.9
NODE_208_length_125_cov_299.500000	1	125	22	125	100	16.112	33.2	21.9
NODE_209_length_125_cov_225.395833	1	125	7	118	94.4	4.456	30.4	5.86
NODE_211_length_125_cov_79.687500	1	125	71	125	100	59.2	34.6	8.46
NODE_212_length_125_cov_42.500000	1	125	16	125	100	15.208	34.2	21.4
NODE_213_length_125_cov_42.125000	1	125	11	125	100	10.752	34.8	12.7
NODE_214_length_124_cov_1145.297872	1	124	223	124	100	167.46	33.7	19.4
NODE_215_length_124_cov_445.148936	1	124	775	124	100	618.323	26	2.74
NODE_216_length_124_cov_247.255319	1	124	64	124	100	55.0161	34.8	15.8
NODE_217_length_122_cov_430.133333	1	122	49	122	100	33.1639	31.4	11.8
NODE_218_length_122_cov_421.555556	1	122	6	122	100	4.39344	32.4	28.5
NODE_219_length_122_cov_312.400000	1	122	3	74	60.6557	1.46721	36.6	0.667
NODE_220_length_122_cov_74.644444	1	122	1	66	54.0984	0.540984	35.5	10
NODE_221_length_122_cov_61.866667	1	122	1212	122	100	895.631	26.6	7.57
NODE_222_length_122_cov_60.977778	1	122	83	122	100	66.582	35	10
NODE_224_length_121_cov_244.818182	1	121	249	121	100	224.785	34.6	28.6
NODE_225_length_121_cov_105.704545	1	121	127	121	100	114.959	34.8	34.9
NODE_226_length_120_cov_66.511628	1	120	42	120	100	35.2083	34.2	29.5
NODE_227_length_119_cov_410.928571	1	119	8	119	100	4.54622	34	10.1
NODE_228_length_119_cov_274.404762	1	119	7	113	94.958	2.68067	32.2	0
NODE_229_length_119_cov_248.047619	1	119	3	79	66.3866	1.7479	32.2	25.3
NODE_230_length_119_cov_226.000000	1	119	209	119	100	200.084	34.8	40
NODE_231_length_119_cov_225.333333	1	119	167	119	100	159.672	35.4	23.4
NODE_232_length_119_cov_223.738095	1	119	206	119	100	190.361	35.4	22.1
NODE_233_length_119_cov_158.476190	1	119	202	119	100	187.336	34.5	35.1
NODE_234_length_119_cov_148.476190	1	119	3	104	87.395	2.21849	32.9	33.3
NODE_235_length_119_cov_121.309524	1	119	238	119	100	231.521	34.8	14
NODE_236_length_119_cov_75.214286	1	119	3	91	76.4706	1.22689	36.2	18.7
NODE_237_length_119_cov_71.238095	1	119	79	119	100	73.8824	34.7	41.9
NODE_238_length_119_cov_48.952381	1	119	3	115	96.6387	1.80672	36.3	3
NODE_239_length_118_cov_131.585366	1	118	22	117	99.1525	12.8305	34.5	3
NODE_240_length_118_cov_85.829268	1	118	575	118	100	461.102	26.1	1.77
NODE_241_length_117_cov_512.725000	1	117	569	117	100	521.915	34.6	33.9
NODE_242_length_117_cov_231.075000	1	117	3	117	100	2.60684	35.1	27.3
NODE_243_length_117_cov_186.950000	1	117	4	107	91.453	2.91453	33.3	2
NODE_244_length_117_cov_126.975000	1	117	5	98	83.7607	3.17949	31.1	9.6
NODE_245_length_117_cov_45.650000	1	117	7	114	97.4359	4.42735	30.6	0.143
NODE_246_length_116_cov_480.205128	1	116	13	116	100	9.65517	34.3	11.5
NODE_247_length_116_cov_449.128205	1	116	11	116	100	6.18966	33.3	12.7
NODE_248_length_116_cov_319.282051	1	116	7	116	100	4.81034	34.1	2.43
NODE_249_length_116_cov_116.897436	1	116	14	116	100	10	30.4	10.4
NODE_250_length_116_cov_110.641026	1	116	10	116	100	9.44828	34.4	34.5
NODE_251_length_116_cov_101.051282	1	116	3	96	82.7586	1.87069	30	12.7
NODE_252_length_116_cov_70.025641	1	116	2	84	72.4138	1.09483	35.9	4
NODE_253_length_114_cov_3488.513514	1	114	157	114	100	140.798	34.5	14.4
NODE_254_length_114_cov_183.432432	1	114	7	114	100	5.33333	32.3	3.57
NODE_255_length_114_cov_125.972973	1	114	69	114	100	57.6404	35.1	16.1
NODE_256_length_114_cov_107.405405	1	114	5	114	100	3.07895	34.1	5.6
NODE_257_length_114_cov_69.810811	1	114	43	114	100	41.5702	35.3	20.7
NODE_258_length_114_cov_49.486486	1	114	461	114	100	347.719	26.3	0.738
NODE_259_length_113_cov_2432.388889	1	113	23	113	100	16.4867	32.6	12.6
NODE_260_length_113_cov_1132.527778	1	113	64	113	100	51.7434	33.6	16.9
NODE_261_length_113_cov_295.361111	1	113	84	113	100	74.8496	34.1	8.24
NODE_262_length_113_cov_268.888889	1	113	70	113	100	44.0796	34	5.17
NODE_263_length_113_cov_164.055556	1	113	79	113	100	70.531	35.2	34.9
NODE_264_length_113_cov_152.416667	1	113	11	113	100	8.63717	32.9	16.6
NODE_265_length_113_cov_138.333333	1	113	2	104	92.0354	1.83186	35.9	55
NODE_266_length_113_cov_134.944444	1	113	201	113	100	152.212	35.7	27.1
NODE_267_length_113_cov_134.194444	1	113	3	107	94.6903	2.29204	35.3	0
NODE_268_length_113_cov_130.027778	1	113	11	113	100	7.15929	32.7	7.18
NODE_269_length_113_cov_105.055556	1	113	79	113	100	60.5221	34.8	14.4
NODE_270_length_113_cov_54.750000	1	113	9	80	70.7965	5.73451	34.7	10.7
NODE_271_length_113_cov_43.555556	1	113	30	107	94.6903	17.354	34.2	6.4
NODE_272_length_113_cov_40.638889	1	113	26	113	100	25.9027	34.3	11.7
NODE_273_length_113_cov_39.916667	1	113	5	113	100	4.89381	33	2
NODE_274_length_112_cov_481.342857	1	112	272	112	100	265.545	34.7	44
NODE_275_length_111_cov_403.058824	1	111	22	111	100	16.5225	33.1	13.5
NODE_276_length_111_cov_258.882353	1	111	62	111	100	50.8739	34.4	25.2
NODE_277_length_111_cov_181.382353	1	111	15	111	100	13.1441	32.9	6.67
NODE_278_length_111_cov_111.764706	1	111	44	111	100	43.2342	35	14
NODE_279_length_110_cov_441.121212	1	110	18	110	100	16.4909	33.8	12.9
NODE_280_length_110_cov_108.787879	1	110	728	110	100	578.082	32.9	11.6
NODE_281_length_110_cov_90.151515	1	110	12	110	100	5.23636	32.3	9.17
NODE_282_length_110_cov_84.363636	1	110	4	104	94.5455	2.84545	33.8	2.25
NODE_283_length_110_cov_72.363636	1	110	72	110	100	68.1455	34.4	21.6
NODE_284_length_110_cov_61.454545	1	110	60	110	100	53.6727	34.7	19.6
NODE_285_length_110_cov_45.727273	1	110	2	103	93.6364	1.83636	31.4	7.5
NODE_287_length_108_cov_217.741935	1	108	109	108	100	91.1574	35	13.5
NODE_288_length_107_cov_647.966667	1	107	38	107	100	29.2243	32.1	19
NODE_289_length_107_cov_156.433333	1	107	5	101	94.3925	3.70093	34.8	26.2
NODE_290_length_107_cov_134.566667	1	107	2	83	77.5701	1.42991	27.6	0.5
NODE_291_length_107_cov_116.633333	1	107	1	69	64.486	0.64486	35.7	0
NODE_292_length_107_cov_72.266667	1	107	244	107	100	152.514	26	1.79
NODE_293_length_107_cov_58.800000	1	107	23	107	100	15.5701	33.5	10.4
NODE_294_length_107_cov_50.333333	1	107	145	107	100	96.6636	34.6	21.9
NODE_295_length_106_cov_1822.413793	1	106	179	106	100	167.208	34.8	27.5
NODE_296_length_106_cov_1467.965517	1	106	902	106	100	887.028	34.8	28.8
NODE_297_length_106_cov_178.517241	1	106	14	106	100	13.1321	34.6	3.93
NODE_298_length_105_cov_111.928571	1	105	5	104	99.0476	4.20952	33.2	10.6
NODE_299_length_104_cov_269.814815	1	104	139	104	100	131.327	34.4	16
NODE_300_length_104_cov_193.666667	1	104	40	104	100	33.375	33.9	18.4
NODE_302_length_104_cov_79.777778	1	104	3	97	93.2692	2.16346	35.7	19
NODE_303_length_104_cov_58.333333	1	104	2	104	100	1.78846	31.7	7.5
NODE_304_length_103_cov_438.153846	1	103	56	103	100	49.7087	34.4	4.95
NODE_305_length_103_cov_158.230769	1	103	2	89	86.4078	1.58252	30.1	4
NODE_306_length_103_cov_85.461538	1	103	13	103	100	8.62136	33.8	1.54
NODE_307_length_102_cov_424.560000	1	102	4	102	100	3.87255	32.5	22
NODE_308_length_102_cov_302.240000	1	102	20	102	100	14.5	32.7	5.25
NODE_309_length_102_cov_176.680000	1	102	22	102	100	13.0098	34.7	8.23
NODE_310_length_102_cov_48.000000	1	102	9	102	100	4.38235	31.4	0
NODE_311_length_101_cov_1094.625000	1	101	27	101	100	19.4455	31.8	8.59
NODE_312_length_101_cov_452.958333	1	101	6	101	100	4.9703	35	4.83
NODE_313_length_101_cov_411.375000	1	101	5	98	97.0297	3.25743	34.8	0.2
NODE_314_length_101_cov_361.416667	1	101	16	101	100	12.7129	30.7	8.25
NODE_315_length_101_cov_249.875000	1	101	33	101	100	26.099	34.2	7.52
NODE_316_length_101_cov_219.166667	1	101	4	85	84.1584	2.33663	33.1	0
NODE_317_length_101_cov_196.375000	1	101	6	89	88.1188	2.75248	36.3	0
NODE_318_length_101_cov_180.708333	1	101	30	101	100	29.1188	34.9	5.1
NODE_319_length_101_cov_92.000000	1	101	25	101	100	15.3267	36.1	12
NODE_321_length_101_cov_65.500000	1	101	4	101	100	3.77228	34	5.5
NODE_322_length_101_cov_55.500000	1	101	15	101	100	10.5743	32.1	13.4
NODE_323_length_99_cov_910.500000	1	99	45	99	100	28.2929	34.1	0.6
NODE_324_length_99_cov_192.454545	1	99	267	99	100	230.596	32.9	9.33
NODE_325_length_99_cov_84.227273	1	99	2	51	51.5152	1.0303	36.4	6
NODE_326_length_98_cov_1471.333333	1	98	186	94	95.9184	103.367	35.2	0.72
NODE_327_length_98_cov_773.523810	1	98	43	98	100	34.1327	32	2.95
NODE_328_length_98_cov_758.000000	1	98	17	98	100	11.0102	34.9	7.12
NODE_329_length_98_cov_587.285714	1	98	20	98	100	18.1837	34	1.5
NODE_330_length_98_cov_228.142857	1	98	7	98	100	5.9898	35.2	34.1
NODE_331_length_98_cov_217.523810	1	98	21	98	100	18.8367	33.1	9.62
NODE_332_length_98_cov_202.619048	1	98	6	97	98.9796	5.62245	35.1	21
NODE_333_length_98_cov_160.190476	1	98	7	96	97.9592	5.19388	33.7	24.1
NODE_334_length_98_cov_146.285714	1	98	14	98	100	12.6735	34.7	21.6
NODE_335_length_98_cov_102.238095	1	98	14	98	100	10.7245	34	14.1
NODE_336_length_98_cov_101.380952	1	98	99	98	100	76.3571	31.7	4.43
NODE_337_length_98_cov_85.809524	1	98	202	98	100	158.255	35.4	10.3
NODE_338_length_98_cov_80.904762	1	98	1	48	48.9796	0.489796	25.5	0
NODE_339_length_98_cov_78.904762	1	98	13	98	100	8.23469	35.4	0.154
NODE_340_length_98_cov_73.047619	1	98	8	86	87.7551	4.06122	32.4	0.375
NODE_341_length_98_cov_69.619048	1	98	16	98	100	11.3469	33.9	3.12
NODE_342_length_98_cov_39.714286	1	98	3	74	75.5102	1.76531	32.1	0
NODE_343_length_97_cov_2431.100000	1	97	32	97	100	25.3093	34.3	22.5
NODE_344_length_97_cov_1033.300000	1	97	13	96	98.9691	8.24742	34	6.92
NODE_345_length_97_cov_805.150000	1	97	75	97	100	69.6598	32.4	4.53
NODE_346_length_97_cov_302.250000	1	97	14	97	100	7.93814	33.1	0.429
NODE_347_length_97_cov_160.550000	1	97	55	97	100	53.3299	35.2	8.18
NODE_348_length_97_cov_144.100000	1	97	28	97	100	21.9278	33.6	4.21
NODE_349_length_97_cov_121.750000	1	97	34	97	100	30.1546	33	11.9
NODE_350_length_97_cov_97.300000	1	97	10	95	97.9381	5.45361	33	9.9
NODE_351_length_96_cov_387.842105	1	96	24	96	100	15.9167	31.2	2.29
NODE_352_length_96_cov_149.263158	1	96	3	55	57.2917	1.70833	36.2	7.33
NODE_353_length_95_cov_2099.944444	1	95	17	95	100	12.4526	34.4	5.47
NODE_354_length_95_cov_1157.666667	1	95	9	95	100	8.06316	34	22.2
NODE_355_length_95_cov_800.500000	1	95	2	75	78.9474	1.08421	36.1	0.5
NODE_356_length_95_cov_710.388889	1	95	1	54	56.8421	0.568421	35.6	0
NODE_357_length_95_cov_608.166667	1	95	35	95	100	29.2737	31.4	9.26
NODE_358_length_95_cov_581.611111	1	95	29	95	100	23.4105	33.3	4.93
NODE_359_length_95_cov_304.500000	1	95	2	94	98.9474	1.63158	25.4	2.5
NODE_360_length_95_cov_271.444444	1	95	1	89	93.6842	0.936842	33.1	0
NODE_362_length_95_cov_218.055556	1	95	2	69	72.6316	1.07368	36.6	0
NODE_363_length_95_cov_181.166667	1	95	1	48	50.5263	0.505263	29.7	0
NODE_364_length_95_cov_155.111111	1	95	1	83	87.3684	0.873684	26.8	0
NODE_365_length_95_cov_136.222222	1	95	3	93	97.8947	2.36842	26.9	0
NODE_366_length_95_cov_130.111111	1	95	5	95	100	2.95789	30.6	2.4
NODE_368_length_95_cov_105.555556	1	95	141	95	100	110.084	35.3	11.3
NODE_369_length_95_cov_84.388889	1	95	4	62	65.2632	2.12632	36.6	0
NODE_370_length_95_cov_84.333333	1	95	1	49	51.5789	0.515789	34.8	0
NODE_373_length_95_cov_51.388889	1	95	2	34	35.7895	0.684211	36.4	0
NODE_374_length_95_cov_48.111111	1	95	17	95	100	12.6	33.1	2.18
NODE_375_length_94_cov_1974.176471	1	94	15	94	100	11.8511	33.8	8.13
NODE_376_length_94_cov_398.705882	1	94	9	94	100	8.12766	35.1	2.78
NODE_377_length_94_cov_288.352941	1	94	11	90	95.7447	7.5	31.3	2.64
NODE_378_length_94_cov_212.352941	1	94	2	91	96.8085	1.35106	35.5	0
NODE_379_length_94_cov_152.764706	1	94	2	75	79.7872	1.57447	25.1	4
NODE_380_length_94_cov_114.588235	1	94	3	76	80.8511	1.59574	34	0
NODE_381_length_94_cov_100.352941	1	94	9	78	82.9787	5.53191	35.4	1.33
NODE_382_length_94_cov_51.764706	1	94	1	44	46.8085	0.468085	35.6	0
NODE_383_length_93_cov_1419.812500	1	93	13	93	100	10.6667	32.1	13.2
NODE_384_length_93_cov_306.312500	1	93	55	93	100	52.0215	33.2	6.95
NODE_385_length_93_cov_164.500000	1	93	11	93	100	7.1828	35.7	15.3
NODE_386_length_92_cov_2630.133333	1	92	2	91	98.913	1.8913	34.7	2.5
NODE_387_length_92_cov_1665.333333	1	92	51	92	100	43.75	31.1	5.37
NODE_388_length_92_cov_1323.466667	1	92	11	92	100	8.51087	30.1	3
NODE_389_length_92_cov_943.200000	1	92	5	90	97.8261	3.3913	32.7	0
NODE_390_length_92_cov_850.800000	1	92	15	92	100	12.7283	35.2	7.33
NODE_391_length_92_cov_561.600000	1	92	3	87	94.5652	2.43478	32.8	16
NODE_392_length_92_cov_514.800000	1	92	1	43	46.7391	0.467391	25.1	0
NODE_393_length_92_cov_500.866667	1	92	5	92	100	3.70652	31.3	15
NODE_394_length_92_cov_398.400000	1	92	5	92	100	4.45652	35.2	16.6
NODE_395_length_92_cov_398.200000	1	92	3	92	100	2.38043	36.4	1
NODE_396_length_92_cov_394.333333	1	92	1	57	61.9565	0.619565	34.5	0
NODE_398_length_92_cov_356.400000	1	92	8	92	100	6.51087	34.4	10.8
NODE_399_length_92_cov_335.066667	1	92	19	92	100	13.6087	34.7	5.53
NODE_400_length_92_cov_221.266667	1	92	6	81	88.0435	3.71739	33.1	1.83
NODE_401_length_92_cov_218.533333	1	92	2	57	61.9565	1.05435	37	0
NODE_402_length_92_cov_179.600000	1	92	12	31	33.6957	3.96739	35.6	0
NODE_403_length_92_cov_148.600000	1	92	10	92	100	7.69565	33.9	4.3
NODE_404_length_92_cov_111.333333	1	92	173	92	100	139.543	34.4	13
NODE_405_length_92_cov_91.933333	1	92	1	60	65.2174	0.652174	36.4	0
NODE_407_length_92_cov_51.600000	1	92	3	91	98.913	2.25	31.9	9
NODE_408_length_91_cov_241.000000	1	91	2	89	97.8022	1.82418	29.5	0
NODE_410_length_91_cov_205.642857	1	91	15	91	100	12.9341	34.3	10.2
NODE_411_length_91_cov_113.642857	1	91	10	86	94.5055	7.9011	35.1	15.5
NODE_412_length_91_cov_102.285714	1	91	6	89	97.8022	4.86813	33.8	15
NODE_413_length_90_cov_3735.000000	1	90	319	90	100	222.789	27.6	0.323
NODE_414_length_90_cov_1393.230769	1	90	84	90	100	56.5	23.3	0.131
NODE_415_length_90_cov_1138.846154	1	90	25	90	100	21.6	32.7	6.24
NODE_416_length_90_cov_329.076923	1	90	16	90	100	14.9778	30.4	11.3
NODE_417_length_90_cov_277.461538	1	90	13	90	100	12.2111	33.1	9.69
NODE_418_length_90_cov_255.538462	1	90	7	47	52.2222	3.3	33.2	16.1
NODE_419_length_90_cov_203.846154	1	90	12	90	100	8.24444	33.7	0.833
NODE_420_length_90_cov_162.461538	1	90	4	88	97.7778	2.93333	34.8	4
NODE_421_length_90_cov_149.923077	1	90	1	77	85.5556	0.855556	36	0
NODE_422_length_90_cov_97.846154	1	90	3	40	44.4444	1.31111	36.8	29.3
NODE_424_length_89_cov_2016.750000	1	89	6	85	95.5056	5.03371	30.6	13.5
NODE_425_length_89_cov_1389.083333	1	89	6	89	100	3.44944	35.8	0
NODE_426_length_89_cov_973.833333	1	89	11	89	100	8.44944	33.7	8.73
NODE_427_length_89_cov_956.166667	1	89	12	89	100	9.74157	34.4	10
NODE_428_length_89_cov_907.916667	1	89	1	39	43.8202	0.438202	37	0
NODE_429_length_89_cov_859.250000	1	89	66	89	100	42.5843	23	1.42
NODE_430_length_89_cov_583.083333	1	89	20	83	93.2584	17.236	34.8	17.4
NODE_431_length_89_cov_503.583333	1	89	4	89	100	3.34831	32.8	11.2
NODE_432_length_89_cov_330.833333	1	89	64	89	100	59.0337	34.6	8.7
NODE_433_length_89_cov_281.000000	1	89	18	87	97.7528	12.9438	35.1	0
NODE_434_length_89_cov_257.333333	1	89	5	81	91.0112	3.01124	36.4	0
NODE_435_length_89_cov_256.500000	1	89	1	42	47.191	0.47191	24.1	0
NODE_436_length_89_cov_226.833333	1	89	214	89	100	182.944	34.9	8.08
NODE_437_length_89_cov_213.250000	1	89	5	89	100	3.41573	32.6	0
NODE_438_length_89_cov_204.750000	1	89	3	79	88.764	1.22472	33	0
NODE_439_length_89_cov_200.416667	1	89	167	89	100	137.303	33.9	5.49
NODE_440_length_89_cov_193.500000	1	89	2	65	73.0337	1.44944	32.8	0
NODE_442_length_89_cov_159.083333	1	89	6	67	75.2809	3.64045	36.1	0
NODE_443_length_89_cov_120.750000	1	89	1	32	35.9551	0.359551	35.4	0
NODE_445_length_89_cov_104.916667	1	89	2	55	61.7978	1.03371	36.1	0
NODE_447_length_89_cov_79.916667	1	89	1	49	55.0562	0.550562	27.1	0
NODE_448_length_89_cov_66.416667	1	89	4	89	100	3.32584	34	0
NODE_449_length_88_cov_277.363636	1	88	8	88	100	5.76136	34.1	0.75
NODE_450_length_88_cov_157.454545	1	88	3	88	100	2.52273	33.7	12.7
NODE_451_length_88_cov_110.090909	1	88	1	31	35.2273	0.352273	34.9	0
NODE_452_length_88_cov_86.000000	1	88	1	87	98.8636	0.988636	27	0
NODE_453_length_88_cov_54.636364	1	88	11	88	100	9.38636	33.9	0
NODE_454_length_87_cov_433.300000	1	87	4	87	100	3.88506	29.4	7.25
NODE_455_length_87_cov_138.100000	1	87	18	87	100	17.4023	34.2	6.33
NODE_456_length_86_cov_4525.888889	1	86	370	86	100	285.442	29.1	1.43
NODE_457_length_86_cov_2906.222222	1	86	5	80	93.0233	4.04651	34.9	0
NODE_458_length_86_cov_1542.777778	1	86	7	86	100	4.5	33.9	2.29
NODE_459_length_86_cov_1418.222222	1	86	23	86	100	16.093	35	4.26
NODE_460_length_86_cov_1319.555556	1	86	70	86	100	56.0814	34	0.1
NODE_461_length_86_cov_873.333333	1	86	2	81	94.186	1.03488	30.7	0
NODE_462_length_86_cov_793.111111	1	86	16	86	100	11.814	34.2	1.5
NODE_463_length_86_cov_754.222222	1	86	12	86	100	9.13953	30	4.25
NODE_464_length_86_cov_603.111111	1	86	12	85	98.8372	7.44186	32.1	1
NODE_465_length_86_cov_536.444444	1	86	6	86	100	5.05814	33.4	0.333
NODE_466_length_86_cov_521.666667	1	86	1	50	58.1395	0.581395	24.4	0
NODE_467_length_86_cov_327.000000	1	86	8	86	100	6.18605	33.8	4.25
NODE_469_length_86_cov_289.555556	1	86	251	86	100	213.756	34.5	6.9
NODE_470_length_86_cov_263.444444	1	86	1	49	56.9767	0.569767	28.1	0
NODE_471_length_86_cov_260.111111	1	86	1	71	82.5581	0.825581	30.1	5
NODE_472_length_86_cov_237.222222	1	86	4	86	100	3.94186	33.1	1.75
NODE_473_length_86_cov_193.777778	1	86	15	68	79.0698	5.72093	35.6	0
NODE_474_length_86_cov_166.222222	1	86	34	85	98.8372	15	34.6	26.6
NODE_475_length_86_cov_151.666667	1	86	8	86	100	5.74419	36.2	0
NODE_478_length_86_cov_88.888889	1	86	1	44	51.1628	0.511628	33.3	0
NODE_479_length_86_cov_87.444444	1	86	25	69	80.2326	12.2674	35.2	0.32
NODE_480_length_86_cov_83.888889	1	86	103	86	100	82.0698	35.2	6.31
NODE_481_length_86_cov_78.000000	1	86	2	64	74.4186	0.976744	36.6	0
NODE_482_length_85_cov_1031.250000	1	85	3	84	98.8235	1.87059	30.7	2
NODE_483_length_85_cov_535.750000	1	85	12	85	100	8.18824	34.7	1.33
NODE_484_length_85_cov_485.750000	1	85	30	85	100	22.3412	35.9	3.73
NODE_485_length_85_cov_427.625000	1	85	1	59	69.4118	0.694118	36.8	0
NODE_486_length_85_cov_330.750000	1	85	2	76	89.4118	1.22353	33.6	0
NODE_487_length_85_cov_306.000000	1	85	5	82	96.4706	4.16471	31.3	3
NODE_488_length_85_cov_269.125000	1	85	1	54	63.5294	0.635294	31.7	0
NODE_489_length_85_cov_269.125000	1	85	20	84	98.8235	15.0118	33.6	0.15
NODE_490_length_85_cov_268.000000	1	85	25	84	98.8235	15.5647	34.9	2.8
NODE_491_length_85_cov_244.875000	1	85	20	85	100	18.1176	34.7	2.15
NODE_492_length_85_cov_190.875000	1	85	10	85	100	7.63529	33.6	0
NODE_493_length_85_cov_90.500000	1	85	3	68	80	1.70588	35.1	0
NODE_494_length_85_cov_84.000000	1	85	3	81	95.2941	2.44706	35	0
NODE_495_length_85_cov_67.500000	1	85	7	72	84.7059	4.71765	33.6	7
NODE_497_length_84_cov_1460.142857	1	84	91	84	100	64.25	34.2	7.6
NODE_498_length_84_cov_1086.142857	1	84	30	84	100	17.4048	33	3.53
NODE_499_length_84_cov_1064.142857	1	84	10	84	100	7.61905	34.3	3.8
NODE_500_length_84_cov_578.142857	1	84	65	84	100	48.6548	34	17
NODE_501_length_84_cov_215.000000	1	84	13	84	100	10.0833	35	6.54
NODE_502_length_84_cov_173.857143	1	84	4	70	83.3333	2.70238	36.4	5
NODE_503_length_84_cov_158.857143	1	84	2	80	95.2381	1.45238	27.7	0
NODE_504_length_84_cov_132.285714	1	84	31	84	100	18.869	33.8	0
NODE_505_length_83_cov_2565.500000	1	83	185	83	100	145.434	26	3.42
NODE_506_length_83_cov_2310.333333	1	83	4	75	90.3614	2.60241	34.1	0
NODE_507_length_83_cov_2030.500000	1	83	94	83	100	60.1205	24.2	1.15
NODE_508_length_83_cov_1869.500000	1	83	4	73	87.9518	1.63855	36.9	0
NODE_509_length_83_cov_1159.166667	1	83	15	83	100	10.8554	35	2.73
NODE_510_length_83_cov_913.666667	1	83	32	83	100	29.5542	33.7	2.84
NODE_512_length_83_cov_719.000000	1	83	4	73	87.9518	2.51807	35.3	0
NODE_513_length_83_cov_509.666667	1	83	7	83	100	6	33	12.4
NODE_514_length_83_cov_396.500000	1	83	48	83	100	45.6145	34.3	6.54
NODE_515_length_83_cov_394.500000	1	83	10	83	100	7.28916	32.2	2.5
NODE_516_length_83_cov_385.000000	1	83	1	30	36.1446	0.361446	36.6	0
NODE_517_length_83_cov_311.000000	1	83	11	83	100	8.6988	33.3	11.4
NODE_518_length_83_cov_310.666667	1	83	9	83	100	6.3012	35.9	1
NODE_519_length_83_cov_291.000000	1	83	3	67	80.7229	2.3253	33.3	0
NODE_522_length_83_cov_166.500000	1	83	3	79	95.1807	2.18072	31.4	9
NODE_523_length_83_cov_151.500000	1	83	1	36	43.3735	0.433735	35.9	0
NODE_524_length_83_cov_136.000000	1	83	3	61	73.494	1.57831	33.7	0
NODE_525_length_83_cov_111.000000	1	83	4	62	74.6988	2.79518	35.6	0
NODE_526_length_83_cov_110.833333	1	83	2	77	92.7711	1.25301	36.5	0
NODE_527_length_83_cov_109.000000	1	83	2	59	71.0843	1.13253	31.6	0
NODE_528_length_83_cov_96.166667	1	83	1	52	62.6506	0.626506	36.8	0
NODE_530_length_83_cov_80.833333	1	83	1	64	77.1084	0.771084	33.8	0
NODE_533_length_83_cov_41.666667	1	83	7	76	91.5663	4.40964	34.2	0
NODE_534_length_82_cov_4555.000000	1	82	248	82	100	199.841	29.8	0.157
NODE_535_length_82_cov_436.000000	1	82	6	68	82.9268	4.85366	34.1	0
NODE_536_length_82_cov_276.200000	1	82	5	81	98.7805	2.97561	33.2	16.4
NODE_537_length_82_cov_249.000000	1	82	8	55	67.0732	5.02439	34.5	0
NODE_538_length_82_cov_187.200000	1	82	8	70	85.3659	6.68293	36.4	0
NODE_540_length_81_cov_2210.750000	1	81	104	81	100	68.1111	24.3	0.0769
NODE_541_length_81_cov_563.750000	1	81	8	77	95.0617	5.23457	34.8	0
NODE_542_length_81_cov_339.000000	1	81	1	61	75.3086	0.753086	36.8	0
NODE_543_length_81_cov_338.000000	1	81	22	81	100	20.0247	34.4	1.45
NODE_545_length_80_cov_1459.000000	1	80	9	80	100	4.3375	33	9.67
NODE_546_length_80_cov_1457.666667	1	80	2	26	32.5	0.6	29.6	0
NODE_547_length_80_cov_1280.333333	1	80	2	71	88.75	1.55	36.6	0
NODE_548_length_80_cov_1207.000000	1	80	5	79	98.75	3.35	25.6	14.4
NODE_549_length_80_cov_917.666667	1	80	5	72	90	3.3875	34.8	0.4
NODE_550_length_80_cov_813.333333	1	80	4	80	100	2.675	31	0
NODE_551_length_80_cov_784.666667	1	80	6	80	100	4.675	35.1	0
NODE_553_length_80_cov_494.666667	1	80	1	47	58.75	0.5875	33	0
NODE_554_length_80_cov_382.000000	1	80	10	80	100	6.975	35.2	0.4
NODE_556_length_80_cov_366.666667	1	80	12	32	40	4.6	34.8	0
NODE_557_length_80_cov_331.333333	1	80	4	79	98.75	3.3625	33.9	1
NODE_558_length_80_cov_286.666667	1	80	7	80	100	5.075	34.3	5.57
NODE_560_length_80_cov_259.666667	1	80	4	60	75	2.775	36.7	0
NODE_561_length_80_cov_250.000000	1	80	4	75	93.75	1.75	31.2	0
NODE_562_length_80_cov_248.333333	1	80	3	47	58.75	1.6	32.5	0
NODE_563_length_80_cov_245.666667	1	80	1	32	40	0.4	34.2	0
NODE_564_length_80_cov_197.333333	1	80	3	80	100	1.9	31.6	0
NODE_565_length_80_cov_192.333333	1	80	5	80	100	3.65	35.6	1.2
NODE_566_length_80_cov_177.666667	1	80	1	55	68.75	0.6875	37	0
NODE_568_length_80_cov_169.333333	1	80	4	80	100	2.4625	34.4	0
NODE_569_length_80_cov_166.000000	1	80	2	59	73.75	1.1875	32.2	0
NODE_570_length_80_cov_164.000000	1	80	5	66	82.5	3.7625	32.9	0
NODE_571_length_80_cov_146.333333	1	80	29	80	100	16.625	34.5	2.55
NODE_572_length_80_cov_137.333333	1	80	3	73	91.25	2.7125	36.7	0
NODE_573_length_80_cov_137.333333	1	80	6	78	97.5	4.325	33.4	6
NODE_575_length_80_cov_88.666667	1	80	5	77	96.25	3.9375	33.3	0
NODE_577_length_80_cov_64.000000	1	80	6	73	91.25	4.7875	34.9	0
NODE_578_length_80_cov_61.000000	1	80	8	80	100	6.775	32.9	0
NODE_579_length_80_cov_59.666667	1	80	1	65	81.25	0.8125	32.2	0
NODE_580_length_80_cov_59.333333	1	80	5	61	76.25	3.6	32.9	0
NODE_581_length_79_cov_1046.000000	1	79	5	79	100	4.92405	33.1	1.2
NODE_582_length_79_cov_958.500000	1	79	3	76	96.2025	2.43038	29.3	0
NODE_583_length_79_cov_664.500000	1	79	10	79	100	6.67089	22.6	0
NODE_586_length_79_cov_208.500000	1	79	3	79	100	3	36.3	0
NODE_587_length_79_cov_196.500000	1	79	2	79	100	1.65823	31	0
NODE_588_length_79_cov_134.000000	1	79	1	32	40.5063	0.405063	34	0
NODE_589_length_79_cov_98.000000	1	79	20	79	100	14.6329	35.2	2.7
NODE_590_length_79_cov_48.000000	1	79	2	72	91.1392	1.40506	25.8	0
NODE_591_length_79_cov_40.000000	1	79	182	79	100	73.8734	34.8	2.36
NODE_592_length_78_cov_560025.000000	1	78	23	78	100	23	33.5	0
NODE_593_length_78_cov_16608.000000	1	78	26	78	100	17	27.3	0
NODE_594_length_78_cov_12229.000000	1	78	66	78	100	60.0769	33	3.89
NODE_595_length_78_cov_8384.000000	1	78	51	78	100	45.7949	31.5	0
NODE_596_length_78_cov_5669.000000	1	78	50	78	100	45.3974	31.2	0
NODE_597_length_78_cov_4629.000000	1	78	47	78	100	40.0769	30.3	1.4
NODE_598_length_78_cov_3385.000000	1	78	115	78	100	78.5513	24.9	0
NODE_599_length_78_cov_2463.000000	1	78	113	78	100	78.5256	23	0.522
NODE_600_length_78_cov_539.000000	1	78	2	78	100	2	26.3	0
NODE_601_length_78_cov_486.000000	1	78	4	78	100	3.79487	30.4	0
NODE_602_length_78_cov_404.000000	1	78	56	78	100	56	23.8	11
NODE_603_length_78_cov_354.000000	1	78	8	78	100	5.55128	34.3	0
NODE_604_length_78_cov_139.000000	1	78	3	58	74.359	2.17949	33.3	0
NODE_607_length_78_cov_72.000000	1	78	319	78	100	246.231	35.4	59.7
NODE_608_length_78_cov_53.000000	1	78	985	78	100	788.667	35.2	59.2
NODE_210_length_125_cov_85.250000	1	125	0	0	0	0	0	0
NODE_223_length_122_cov_42.600000	1	122	0	0	0	0	0	0
NODE_286_length_110_cov_42.545455	1	110	0	0	0	0	0	0
NODE_301_length_104_cov_87.370370	1	104	0	0	0	0	0	0
NODE_320_length_101_cov_90.208333	1	101	0	0	0	0	0	0
NODE_361_length_95_cov_224.666667	1	95	0	0	0	0	0	0
NODE_367_length_95_cov_112.166667	1	95	0	0	0	0	0	0
NODE_371_length_95_cov_77.222222	1	95	0	0	0	0	0	0
NODE_372_length_95_cov_54.666667	1	95	0	0	0	0	0	0
NODE_397_length_92_cov_381.133333	1	92	0	0	0	0	0	0
NODE_406_length_92_cov_53.866667	1	92	0	0	0	0	0	0
NODE_409_length_91_cov_206.357143	1	91	0	0	0	0	0	0
NODE_423_length_90_cov_51.846154	1	90	0	0	0	0	0	0
NODE_441_length_89_cov_173.666667	1	89	0	0	0	0	0	0
NODE_444_length_89_cov_105.666667	1	89	0	0	0	0	0	0
NODE_446_length_89_cov_82.000000	1	89	0	0	0	0	0	0
NODE_468_length_86_cov_298.777778	1	86	0	0	0	0	0	0
NODE_476_length_86_cov_101.333333	1	86	0	0	0	0	0	0
NODE_477_length_86_cov_90.111111	1	86	0	0	0	0	0	0
NODE_496_length_85_cov_51.125000	1	85	0	0	0	0	0	0
NODE_511_length_83_cov_800.833333	1	83	0	0	0	0	0	0
NODE_520_length_83_cov_264.000000	1	83	0	0	0	0	0	0
NODE_521_length_83_cov_224.333333	1	83	0	0	0	0	0	0
NODE_529_length_83_cov_89.000000	1	83	0	0	0	0	0	0
NODE_531_length_83_cov_65.166667	1	83	0	0	0	0	0	0
NODE_532_length_83_cov_44.500000	1	83	0	0	0	0	0	0
NODE_539_length_82_cov_41.800000	1	82	0	0	0	0	0	0
NODE_544_length_80_cov_1591.000000	1	80	0	0	0	0	0	0
NODE_552_length_80_cov_676.000000	1	80	0	0	0	0	0	0
NODE_555_length_80_cov_379.666667	1	80	0	0	0	0	0	0
NODE_559_length_80_cov_280.333333	1	80	0	0	0	0	0	0
NODE_567_length_80_cov_176.666667	1	80	0	0	0	0	0	0
NODE_574_length_80_cov_104.666667	1	80	0	0	0	0	0	0
NODE_576_length_80_cov_76.000000	1	80	0	0	0	0	0	0
NODE_584_length_79_cov_265.500000	1	79	0	0	0	0	0	0
NODE_585_length_79_cov_231.000000	1	79	0	0	0	0	0	0
NODE_605_length_78_cov_128.000000	1	78	0	0	0	0	0	0
NODE_606_length_78_cov_96.000000	1	78	0	0	0	0	0	0
