#rname	startpos	endpos	numreads	covbases	coverage	meandepth	meanbaseq	meanmapq
NODE_1_length_1135595_cov_48.047297	1	1135595	832757	1135595	100	104.791	35.2	59.8
NODE_2_length_848811_cov_48.580983	1	848811	629535	848811	100	105.95	35.2	59.8
NODE_3_length_740418_cov_49.713687	1	740418	560568	740418	100	108.308	35.2	59.8
NODE_4_length_681720_cov_50.188072	1	681720	522125	681720	100	109.435	35.2	59.8
NODE_5_length_557703_cov_50.968110	1	557703	437960	557630	99.9869	112.092	35.1	59.6
NODE_6_length_544070_cov_48.181695	1	544070	400293	544070	100	105.093	35.2	59.8
NODE_7_length_530747_cov_47.372574	1	530747	394688	530747	100	104.146	35.2	58.7
NODE_8_length_476297_cov_48.741279	1	476297	354164	476297	100	106.275	35.1	59.8
NODE_9_length_402432_cov_50.122499	1	402432	307879	402430	99.9995	109.337	35.1	59.8
NODE_10_length_368534_cov_47.766961	1	368534	268304	368534	100	104.073	35.2	59.8
NODE_11_length_362919_cov_50.895051	1	362919	281977	362919	100	110.993	35.2	59.8
NODE_12_length_353186_cov_49.931571	1	353186	269271	353186	100	108.915	35.2	59.8
NODE_13_length_337130_cov_49.910168	1	337130	256823	337130	100	108.825	35.1	59.8
NODE_14_length_294507_cov_50.012733	1	294507	225096	294507	100	109.233	35.1	59.8
NODE_15_length_287459_cov_48.994941	1	287459	214422	287454	99.9983	106.721	35.1	59.8
NODE_16_length_284143_cov_47.885104	1	284143	207095	284143	100	104.211	35.2	59.8
NODE_17_length_238291_cov_49.625946	1	238291	180994	238291	100	108.438	35.1	59.8
NODE_18_length_230432_cov_51.822895	1	230432	181751	230432	100	112.736	35.1	59.8
NODE_19_length_228207_cov_50.341976	1	228207	175502	228207	100	109.795	35.2	59.8
NODE_20_length_209845_cov_52.916594	1	209845	170648	209845	100	116.029	35.2	59.7
NODE_21_length_188953_cov_52.064434	1	188953	150152	188953	100	113.462	35.2	59.8
NODE_22_length_188868_cov_47.033142	1	188868	135966	188868	100	102.738	35.2	59.8
NODE_23_length_185042_cov_50.027475	1	185042	141181	185042	100	109.033	35.2	59.8
NODE_24_length_178648_cov_48.655902	1	178648	132729	178648	100	106.047	35.1	59.8
NODE_25_length_166960_cov_47.811305	1	166960	122444	166960	100	104.549	35.2	59.5
NODE_26_length_158077_cov_49.607259	1	158077	119931	158077	100	108.452	35.1	59.7
NODE_27_length_134160_cov_48.148856	1	134160	98608	134160	100	105.062	35.1	59.8
NODE_28_length_118777_cov_47.868854	1	118777	86412	118777	100	104.055	35.2	59.8
NODE_29_length_96039_cov_49.058106	1	96039	72394	96039	100	107.446	35.1	59.8
NODE_30_length_91049_cov_51.419426	1	91049	71369	91049	100	112.07	35.1	59.8
NODE_31_length_88140_cov_49.864302	1	88140	66921	88140	100	108.422	35.2	59.8
NODE_32_length_83093_cov_49.093235	1	83093	62261	83093	100	107.031	35.1	59.8
NODE_33_length_78615_cov_55.882426	1	78615	87061	78615	100	156.725	35.1	56
NODE_34_length_71029_cov_51.322401	1	71029	55869	71029	100	112.111	35.2	59.6
NODE_35_length_58970_cov_49.713260	1	58970	44468	58970	100	107.657	35.2	59.6
NODE_36_length_58614_cov_50.868135	1	58614	45428	58614	100	110.686	35.1	59.8
NODE_37_length_46411_cov_54.174515	1	46411	38291	46411	100	117.627	35.1	59.6
NODE_38_length_34234_cov_53.188775	1	34234	28067	34234	100	115.716	35.2	58.6
NODE_39_length_30133_cov_57.752262	1	30133	26830	30133	100	126.339	35.1	59.6
NODE_40_length_26805_cov_646.080889	1	26805	276822	26805	100	1441.23	35.3	59.9
NODE_41_length_24556_cov_46.265044	1	24556	62670	24556	100	236.347	33.8	36.1
NODE_42_length_19276_cov_56.376061	1	19276	18909	19276	100	138.904	35.1	56.9
NODE_43_length_19258_cov_56.591940	1	19258	16451	19258	100	121.283	35.2	59.6
NODE_44_length_15737_cov_86.537420	1	15737	13919	15737	100	126.124	35.1	59.4
NODE_45_length_11376_cov_69.706169	1	11376	13601	11376	100	166.323	35	57.3
NODE_46_length_9834_cov_79.371938	1	9834	18852	9834	100	264.538	35.2	52.7
NODE_47_length_8369_cov_39.869875	1	8369	12870	8369	100	220.087	34.7	45.3
NODE_48_length_7946_cov_56.670479	1	7946	6788	7946	100	122.214	35.2	59.6
NODE_49_length_6327_cov_46.909440	1	6327	4472	6327	100	100.737	35.2	59.6
NODE_50_length_5629_cov_57.533682	1	5629	5105	5629	100	128.299	35.2	58.3
NODE_51_length_4289_cov_70.729820	1	4289	5708	4289	100	182.833	35.1	50.6
NODE_52_length_3802_cov_63.114362	1	3802	3653	3802	100	136.074	35.2	59.5
NODE_53_length_3799_cov_998.995164	1	3799	57566	3799	100	2149.64	35.1	59.7
NODE_54_length_3284_cov_143.010290	1	3284	7554	3284	100	326.464	34.9	42.3
NODE_55_length_2250_cov_931.543948	1	2250	31716	2250	100	1991.84	35.1	59.5
NODE_56_length_1834_cov_57.914058	1	1834	1579	1834	100	121.644	35.1	59.5
NODE_57_length_1754_cov_861.311866	1	1754	22949	1754	100	1834.47	35	59.5
NODE_58_length_1404_cov_865.736247	1	1404	17845	1404	100	1789.7	35.2	59.5
NODE_59_length_1332_cov_55.405578	1	1332	1095	1332	100	117.026	35.1	57.7
NODE_60_length_1245_cov_953.547089	1	1245	17262	1245	100	1957.17	35.2	59.3
NODE_61_length_1223_cov_84.094241	1	1223	1631	1223	100	184.314	35.2	57.2
NODE_62_length_1209_cov_87.631625	1	1209	7743	1209	100	893.794	34.7	45.5
NODE_63_length_1086_cov_56.184341	1	1086	921	1086	100	117.806	34.9	55.7
NODE_64_length_1051_cov_97.901437	1	1051	1483	1051	100	198.4	35.3	59.2
NODE_65_length_1028_cov_274.522608	1	1028	1821	1028	100	243.986	35.2	50.9
NODE_66_length_994_cov_61.653217	1	994	1213	994	100	175.262	35.4	53.1
NODE_67_length_926_cov_72.566549	1	926	1140	926	100	175.683	35.3	55
NODE_68_length_924_cov_1.386068	1	924	17	924	100	2.76732	35	60
NODE_69_length_917_cov_1.735714	1	917	20	917	100	3.2879	35.4	60
NODE_70_length_878_cov_1.364544	1	878	19	878	100	3.11162	34.7	60
NODE_71_length_876_cov_1.713392	1	876	22	876	100	3.70091	34.6	60
NODE_72_length_870_cov_56.991173	1	870	687	870	100	110.572	35.2	58.3
NODE_73_length_824_cov_67.832664	1	824	841	824	100	142.773	35.2	56.1
NODE_74_length_771_cov_1.704611	1	771	21	771	100	3.71077	34.6	60
NODE_75_length_751_cov_113.724036	1	751	1184	751	100	222.043	35.2	59
NODE_76_length_702_cov_1.776000	1	702	16	702	100	3.38319	34.8	60
NODE_77_length_688_cov_115.427169	1	688	2589	688	100	530.536	34.6	46.9
NODE_78_length_687_cov_87.708197	1	687	868	687	100	177.221	35.4	57.2
NODE_79_length_621_cov_1.055147	1	621	14	621	100	2.46538	35.1	55.7
NODE_80_length_620_cov_933.957643	1	620	7889	620	100	1780.59	35.1	59.2
NODE_81_length_599_cov_2.164751	1	599	17	599	100	4.22871	34.6	60
NODE_82_length_585_cov_1.669291	1	585	12	585	100	3.08889	35.6	60
NODE_83_length_582_cov_2.443564	1	582	18	582	100	4.50344	35.4	60
NODE_84_length_552_cov_1269.913684	1	552	11934	552	100	2938.31	34.7	53.1
NODE_85_length_548_cov_1.237792	1	548	8	548	100	2.18978	36.1	60
NODE_86_length_546_cov_882.695096	1	546	6598	546	100	1682.41	35.1	58.8
NODE_87_length_543_cov_1.890558	1	543	16	543	100	3.96685	35.5	60
NODE_88_length_527_cov_97.386667	1	527	817	527	100	215.112	35.2	55.5
NODE_89_length_527_cov_1.675556	1	527	13	527	100	3.537	35.4	60
NODE_90_length_523_cov_685.363229	1	523	5151	523	100	1382.31	35.2	55.3
NODE_91_length_522_cov_79.038202	1	522	678	522	100	179.937	34.8	48.3
NODE_92_length_512_cov_1.494253	1	512	10	512	100	2.94922	33.6	60
NODE_93_length_508_cov_2.000000	1	508	14	508	100	3.83661	34.5	60
NODE_94_length_503_cov_1.570423	1	503	10	503	100	3.00199	34.6	60
NODE_95_length_499_cov_2.078199	1	499	12	499	100	3.63126	34.8	60
NODE_96_length_495_cov_1.779904	1	495	14	495	100	3.57576	34.8	58.6
NODE_97_length_491_cov_89.618357	1	491	676	491	100	195.071	35.1	45.8
NODE_98_length_486_cov_1.882641	1	486	11	486	100	3.4177	34.6	60
NODE_99_length_485_cov_99.240196	1	485	635	485	100	181.693	34.9	58.8
NODE_100_length_475_cov_119.241206	1	475	728	475	100	213.979	35.5	59.5
NODE_101_length_473_cov_75.267677	1	473	1378	473	100	391.611	34.9	41
NODE_102_length_456_cov_1.171504	1	456	6	456	100	1.98684	36	60
NODE_103_length_454_cov_583.294430	1	454	3976	454	100	1181.55	35.3	54.9
NODE_104_length_454_cov_0.981432	1	454	5	454	100	1.663	36.6	60
NODE_105_length_450_cov_1.769437	1	450	10	450	100	3.28667	35.6	60
NODE_106_length_449_cov_146.094086	1	449	1037	449	100	327.704	34.7	42.1
NODE_107_length_449_cov_101.510753	1	449	579	449	100	180.058	35.2	58.7
NODE_108_length_445_cov_1.608696	1	445	8	445	100	2.71461	33.7	60
NODE_109_length_440_cov_169.820937	1	440	1092	440	100	330.891	34.6	43.1
NODE_110_length_437_cov_161.900000	1	437	994	437	100	309.842	34.8	56.3
NODE_111_length_429_cov_0.840909	1	429	4	429	100	1.40793	36.3	60
NODE_112_length_429_cov_0.798295	1	429	8	429	100	2.52448	35	60
NODE_113_length_422_cov_1.515942	1	422	8	422	100	2.86256	34.7	60
NODE_114_length_416_cov_0.887906	1	416	6	416	100	2.03606	33.3	60
NODE_115_length_408_cov_756.854985	1	408	4092	408	100	1395.23	35	53.5
NODE_116_length_406_cov_1.227964	1	406	6	406	100	2.13793	35.5	60
NODE_117_length_402_cov_105.381538	1	402	584	402	100	201.582	35.3	55.1
NODE_118_length_398_cov_1.021807	1	398	5	398	100	1.89698	34.7	60
NODE_119_length_396_cov_1.855799	1	396	8	396	100	3.05051	36	60
NODE_120_length_395_cov_1.084906	1	395	6	395	100	2.17468	34.6	60
NODE_121_length_393_cov_3.183544	1	393	81	393	100	14.0687	35.6	41
NODE_122_length_389_cov_82.250000	1	389	392	389	100	140.103	35.1	59.3
NODE_123_length_389_cov_0.426282	1	389	58	389	100	14.2468	35.1	49.7
NODE_124_length_388_cov_2.745981	1	388	12	388	100	4.58505	36.2	60
NODE_125_length_383_cov_768.513072	1	383	4098	383	100	1500.32	35.3	56.1
NODE_126_length_383_cov_103.683007	1	383	748	383	100	266.833	34.7	44.7
NODE_127_length_376_cov_815.133779	1	376	3796	376	100	1384.24	34.8	58.4
NODE_128_length_364_cov_2.508711	1	364	14	364	100	4.51099	36.3	60
NODE_129_length_364_cov_1.658537	1	364	8	364	100	3.07692	35.6	60
NODE_130_length_361_cov_3.211268	1	361	49	361	100	10.5152	33.9	51.4
NODE_131_length_359_cov_159.460993	1	359	4158	359	100	1601.86	34.7	43.2
NODE_132_length_358_cov_1.053381	1	358	4	358	100	1.68715	35.4	60
NODE_133_length_357_cov_97.082143	1	357	409	357	100	159.036	34.9	58.6
NODE_134_length_356_cov_941.792115	1	356	4202	356	100	1624.24	34.8	58.6
NODE_135_length_345_cov_91.958955	1	345	395	345	100	155.055	35.4	58.8
NODE_136_length_343_cov_1278.977444	1	343	5161	343	100	2100.8	35	58.3
NODE_137_length_341_cov_181.125000	1	341	944	341	100	376.452	34.8	52.3
NODE_138_length_339_cov_1.896947	1	339	7	339	100	3.11799	34.1	60
NODE_139_length_338_cov_1.318008	1	338	8	338	100	2.86391	35.4	60
NODE_140_length_333_cov_120.828125	1	333	494	333	100	197.916	35.5	56.7
NODE_141_length_330_cov_2.023715	1	330	8	330	100	3.41818	35.2	60
NODE_142_length_329_cov_1.761905	1	329	6	329	100	2.7538	35.8	60
NODE_143_length_327_cov_2.664000	1	327	9	327	100	4.15596	35.6	60
NODE_144_length_326_cov_1904.489960	1	326	7740	326	100	3295.63	35	32.8
NODE_145_length_322_cov_194.934694	1	322	724	322	100	314.64	35.2	58.2
NODE_146_length_318_cov_1.228216	1	318	4	318	100	1.89937	36.4	60
NODE_147_length_318_cov_1.219917	1	318	4	318	100	1.89623	35.9	60
NODE_148_length_312_cov_1.880851	1	312	6	312	100	2.90385	34.8	60
NODE_149_length_309_cov_1.163793	1	309	5	309	100	2.11974	36.6	60
NODE_150_length_307_cov_91.104348	1	307	340	307	100	152.993	35	53.8
NODE_151_length_305_cov_2.921053	1	305	9	305	100	4.45574	35.5	60
NODE_152_length_305_cov_2.035088	1	305	7	305	100	3.28852	36.5	60
NODE_153_length_304_cov_1.920705	1	304	6	304	100	2.95395	35.9	60
NODE_154_length_303_cov_303.469027	1	303	1501	303	100	645.215	34.7	44.9
NODE_155_length_299_cov_108.364865	1	299	378	299	100	173.284	35.5	58.5
NODE_156_length_299_cov_1.531532	1	299	5	299	100	2.52508	35.3	60
NODE_157_length_297_cov_2.218182	1	297	8	297	100	3.71717	36.8	60
NODE_158_length_294_cov_1.364055	1	294	4	294	100	2.05442	36.7	60
NODE_159_length_293_cov_98.583333	1	293	332	293	100	155.01	35.2	57.8
NODE_160_length_292_cov_1.376744	1	292	4	292	100	2.06849	36.5	60
NODE_161_length_291_cov_2.752336	1	291	9	291	100	4.40893	35.2	60
NODE_162_length_289_cov_1.716981	1	289	5	289	100	2.61246	34.9	60
NODE_163_length_289_cov_1.396226	1	289	4	289	100	2.08997	36	60
NODE_164_length_288_cov_1.402844	1	288	4	288	100	2.09722	34.8	60
NODE_165_length_288_cov_1.289100	1	288	4	288	100	2.09722	33.6	60
NODE_166_length_284_cov_1.304348	1	284	4	284	100	2.12676	34.1	60
NODE_167_length_283_cov_429.296117	1	283	1621	283	100	784.307	35	50.8
NODE_168_length_283_cov_1.436893	1	283	4	283	100	2.13428	36.6	60
NODE_169_length_283_cov_1.247573	1	283	10	283	100	3.13074	35	48.3
NODE_170_length_282_cov_384.117073	1	282	1600	282	100	769.755	35.2	47.2
NODE_171_length_281_cov_0.725490	1	281	2	281	100	1.07473	36.4	60
NODE_172_length_280_cov_2.187192	1	280	6	280	100	3.23571	34.5	60
NODE_173_length_279_cov_1.980198	1	279	6	279	100	3.21147	34.9	60
NODE_174_length_279_cov_1.034653	1	279	4	279	100	2.07527	35	60
NODE_175_length_278_cov_1.547264	1	278	7	278	100	2.86691	35.2	51.4
NODE_176_length_278_cov_0.736318	1	278	2	278	100	1.08633	35.6	60
NODE_177_length_278_cov_0.736318	1	278	2	278	100	1.08633	36.4	60
NODE_178_length_278_cov_0.736318	1	278	2	278	100	1.08633	36.7	60
NODE_179_length_277_cov_1.110000	1	277	3	277	100	1.63538	33.5	60
NODE_180_length_277_cov_0.740000	1	277	2	277	100	1.09025	36.6	60
NODE_181_length_275_cov_54.489899	1	275	166	275	100	80.3745	34.5	56.9
NODE_182_length_275_cov_2.777778	1	275	8	275	100	4.24	36.1	60
NODE_183_length_275_cov_1.494949	1	275	4	275	100	2.19636	35.2	60
NODE_184_length_274_cov_0.751269	1	274	2	274	100	1.10219	36.6	60
NODE_185_length_274_cov_0.736041	1	274	2	274	100	1.10219	34.2	60
NODE_186_length_273_cov_0.755102	1	273	2	273	100	1.10623	34	60
NODE_187_length_273_cov_0.755102	1	273	2	273	100	1.10623	36.5	60
NODE_188_length_273_cov_0.755102	1	273	2	273	100	1.10623	35.7	60
NODE_189_length_273_cov_0.755102	1	273	2	273	100	1.10623	36.4	60
NODE_190_length_273_cov_0.755102	1	273	2	273	100	1.10623	34.5	60
NODE_191_length_272_cov_0.758974	1	272	2	272	100	1.11029	36.2	60
NODE_192_length_272_cov_0.758974	1	272	2	272	100	1.11029	34	60
NODE_193_length_272_cov_0.758974	1	272	2	272	100	1.11029	34.8	60
NODE_194_length_272_cov_0.758974	1	272	2	272	100	1.11029	30.9	60
NODE_195_length_272_cov_0.758974	1	272	2	272	100	1.11029	36.3	60
NODE_196_length_271_cov_1.525773	1	271	4	271	100	2.22878	35.9	60
NODE_197_length_271_cov_0.762887	1	271	2	271	100	1.11439	33	60
NODE_198_length_271_cov_0.762887	1	271	2	271	100	1.11439	33.7	60
NODE_199_length_271_cov_0.762887	1	271	2	271	100	1.11439	36.6	60
NODE_200_length_271_cov_0.762887	1	271	2	271	100	1.11439	36.3	60
NODE_201_length_271_cov_0.762887	1	271	2	271	100	1.11439	35.7	60
NODE_202_length_271_cov_0.762887	1	271	2	271	100	1.11439	35.2	60
NODE_203_length_270_cov_0.766839	1	270	2	270	100	1.11852	35.5	60
NODE_204_length_270_cov_0.766839	1	270	6	270	100	1.59259	35.4	60
NODE_205_length_268_cov_1.549738	1	268	4	268	100	2.25373	36.2	60
NODE_206_length_266_cov_44.137566	1	266	218	266	100	112.617	35.4	38
NODE_207_length_266_cov_0.783069	1	266	2	266	100	1.13534	33.8	60
NODE_208_length_265_cov_0.787234	1	265	2	265	100	1.13962	35.6	60
NODE_209_length_264_cov_0.893048	1	264	3	264	100	1.68939	32.2	60
NODE_210_length_264_cov_0.791444	1	264	2	264	100	1.14394	36.2	60
NODE_211_length_264_cov_0.791444	1	264	2	264	100	1.14394	36.5	60
NODE_212_length_264_cov_0.791444	1	264	2	264	100	1.14394	35.7	60
NODE_213_length_263_cov_2.569892	1	263	8	263	100	4.1673	35.3	60
NODE_214_length_263_cov_0.795699	1	263	2	263	100	1.14829	33.8	60
NODE_215_length_263_cov_0.795699	1	263	2	263	100	1.14829	35.6	60
NODE_216_length_263_cov_0.795699	1	263	2	263	100	1.14829	36.6	60
NODE_217_length_263_cov_0.795699	1	263	2	263	100	1.14829	34.4	60
NODE_218_length_262_cov_1.102703	1	262	4	262	100	2.30534	34.2	60
NODE_219_length_262_cov_0.902703	1	262	4	262	100	1.8855	33	60
NODE_220_length_262_cov_0.800000	1	262	6	262	100	1.48855	36.1	42
NODE_221_length_262_cov_0.800000	1	262	2	262	100	1.15267	29.9	60
NODE_222_length_262_cov_0.740541	1	262	2	262	100	1.15267	33.3	60
NODE_223_length_261_cov_2.413043	1	261	6	261	100	3.47126	35.5	60
NODE_224_length_260_cov_0.808743	1	260	2	260	100	1.16154	35.9	60
NODE_225_length_260_cov_0.808743	1	260	2	260	100	1.16154	35.7	60
NODE_226_length_260_cov_0.808743	1	260	2	260	100	1.16154	36.5	60
NODE_227_length_260_cov_0.808743	1	260	2	260	100	1.16154	36.6	60
NODE_228_length_260_cov_0.710383	1	260	2	260	100	1.16154	32.6	60
NODE_229_length_259_cov_359.269231	1	259	1010	259	100	526.973	35	49.5
NODE_230_length_259_cov_245.802198	1	259	828	259	100	436.301	34.9	51.1
NODE_231_length_259_cov_178.620879	1	259	500	259	100	259.703	35.6	56.2
NODE_232_length_259_cov_0.813187	1	259	2	259	100	1.16602	34.5	60
NODE_233_length_258_cov_0.817680	1	258	2	258	100	1.17054	36.4	60
NODE_234_length_258_cov_0.790055	1	258	2	258	100	1.17054	31.4	60
NODE_235_length_257_cov_1.061111	1	257	3	257	100	1.76265	35.4	60
NODE_236_length_257_cov_0.822222	1	257	2	257	100	1.1751	36.6	60
NODE_237_length_257_cov_0.822222	1	257	2	257	100	1.1751	35.7	60
NODE_238_length_257_cov_0.822222	1	257	2	257	100	1.1751	33.4	60
NODE_239_length_256_cov_1.653631	1	256	4	256	100	2.35938	36.4	60
NODE_240_length_256_cov_1.620112	1	256	4	256	100	2.33594	36.5	60
NODE_241_length_256_cov_0.826816	1	256	2	256	100	1.17969	36.4	60
NODE_242_length_255_cov_0.960674	1	255	4	255	100	1.79216	35.9	60
NODE_243_length_255_cov_0.831461	1	255	2	255	100	1.18431	35.5	60
NODE_244_length_255_cov_0.831461	1	255	2	255	100	1.18431	35.4	60
NODE_245_length_255_cov_0.831461	1	255	2	255	100	1.18431	36.4	60
NODE_246_length_255_cov_0.831461	1	255	2	255	100	1.18431	36.8	60
NODE_247_length_255_cov_0.831461	1	255	2	255	100	1.18431	36.4	60
NODE_248_length_255_cov_0.730337	1	255	2	255	100	1.18431	34.5	60
NODE_249_length_254_cov_0.836158	1	254	2	254	100	1.18898	34.6	60
NODE_250_length_253_cov_378.840909	1	253	1220	253	100	535.119	35.2	49.1
NODE_251_length_253_cov_0.840909	1	253	4	253	100	2.38735	30.7	60
NODE_252_length_253_cov_0.840909	1	253	2	253	100	1.19368	35.8	60
NODE_253_length_253_cov_0.840909	1	253	2	253	100	1.19368	36.5	60
NODE_254_length_253_cov_0.755682	1	253	2	253	100	1.19368	34.4	60
NODE_255_length_252_cov_4.788571	1	252	12	252	100	6.9881	34.3	60
NODE_256_length_252_cov_1.588571	1	252	4	252	100	2.33333	36.7	60
NODE_257_length_252_cov_0.845714	1	252	2	252	100	1.19841	36.5	60
NODE_258_length_252_cov_0.845714	1	252	2	252	100	1.19841	36.6	60
NODE_259_length_252_cov_0.845714	1	252	2	252	100	1.19841	34.6	60
NODE_260_length_252_cov_0.714286	1	252	2	252	100	1.19841	31.3	60
NODE_261_length_251_cov_2.252874	1	251	6	251	100	3.40239	36	60
NODE_262_length_251_cov_1.701149	1	251	4	251	100	2.40637	35.4	60
NODE_263_length_251_cov_0.850575	1	251	2	251	100	1.20319	34.4	60
NODE_264_length_251_cov_0.850575	1	251	2	251	100	1.20319	36.4	60
NODE_265_length_251_cov_0.850575	1	251	2	251	100	1.20319	34	60
NODE_266_length_251_cov_0.850575	1	251	2	251	100	1.20319	36.4	60
NODE_267_length_250_cov_1.658960	1	250	14	250	100	3.644	35.7	27.5
NODE_268_length_250_cov_0.988439	1	250	10	250	100	4.168	34.6	42.4
NODE_269_length_250_cov_0.855491	1	250	2	250	100	1.208	36.8	60
NODE_270_length_250_cov_0.855491	1	250	2	250	100	1.208	36	60
NODE_271_length_250_cov_0.855491	1	250	2	250	100	1.208	36.4	60
NODE_272_length_250_cov_0.855491	1	250	2	250	100	1.208	36.2	60
NODE_273_length_250_cov_0.815029	1	250	2	250	100	1.208	32	60
NODE_274_length_250_cov_0.647399	1	250	4	250	100	1.464	36.1	60
NODE_275_length_249_cov_1.500000	1	249	4	249	100	2.27309	35.9	60
NODE_276_length_249_cov_1.290698	1	249	4	249	100	2.38554	33.4	60
NODE_277_length_249_cov_0.860465	1	249	2	249	100	1.21285	36.3	60
NODE_278_length_249_cov_0.860465	1	249	2	249	100	1.21285	34.6	60
NODE_279_length_249_cov_0.860465	1	249	2	249	100	1.21285	33.8	60
NODE_280_length_249_cov_0.744186	1	249	2	249	100	1.21285	34.9	60
NODE_281_length_246_cov_1.201183	1	246	20	246	100	6.86179	34.6	51
NODE_282_length_246_cov_0.875740	1	246	2	246	100	1.22764	33.8	60
NODE_283_length_246_cov_0.875740	1	246	2	246	100	1.22764	36.1	60
NODE_284_length_246_cov_0.875740	1	246	2	246	100	1.22764	36.5	60
NODE_285_length_246_cov_0.875740	1	246	2	246	100	1.22764	35.9	60
NODE_286_length_246_cov_0.343195	1	246	12	246	100	3.0935	34.7	45
NODE_287_length_245_cov_2.642857	1	245	28	245	100	7.93061	33.9	49.6
NODE_288_length_245_cov_2.107143	1	245	8	245	100	3.95918	36.4	60
NODE_289_length_245_cov_0.880952	1	245	2	245	100	1.23265	35.7	60
NODE_290_length_245_cov_0.880952	1	245	2	245	100	1.23265	35.8	60
NODE_291_length_245_cov_0.880952	1	245	2	245	100	1.23265	36	60
NODE_292_length_245_cov_0.880952	1	245	2	245	100	1.23265	36.8	60
NODE_293_length_244_cov_0.886228	1	244	2	244	100	1.2377	35.8	60
NODE_294_length_244_cov_0.886228	1	244	2	244	100	1.2377	36.8	60
NODE_295_length_244_cov_0.706587	1	244	2	244	100	1.2377	33.6	60
NODE_296_length_243_cov_60.246988	1	243	813	243	100	468.679	34.6	44.2
NODE_297_length_243_cov_1.349398	1	243	4	243	100	2.4856	35.5	60
NODE_298_length_243_cov_0.891566	1	243	2	243	100	1.2428	36.5	60
NODE_299_length_243_cov_0.789157	1	243	2	243	100	1.2428	35.8	60
NODE_300_length_242_cov_0.896970	1	242	2	242	100	1.24793	36.2	60
NODE_301_length_242_cov_0.896970	1	242	2	242	100	1.24793	36.7	60
NODE_302_length_242_cov_0.896970	1	242	2	242	100	1.24793	36.7	60
NODE_303_length_241_cov_0.902439	1	241	2	241	100	1.25311	36.3	60
NODE_304_length_241_cov_0.902439	1	241	2	241	100	1.25311	36.1	60
NODE_305_length_241_cov_0.902439	1	241	2	241	100	1.25311	35.8	60
NODE_306_length_241_cov_0.902439	1	241	2	241	100	1.25311	36.6	60
NODE_307_length_241_cov_0.902439	1	241	2	241	100	1.25311	36.3	60
NODE_308_length_241_cov_0.902439	1	241	10	241	100	1.9917	35.8	56
NODE_309_length_241_cov_0.902439	1	241	2	241	100	1.25311	32.6	60
NODE_310_length_240_cov_1.435583	1	240	5	240	100	2.57917	35	60
NODE_311_length_240_cov_0.907975	1	240	2	240	100	1.25833	36.6	60
NODE_312_length_240_cov_0.907975	1	240	2	240	100	1.25833	36	60
NODE_313_length_240_cov_0.852761	1	240	2	240	100	1.25833	34.8	60
NODE_314_length_240_cov_0.711656	1	240	2	240	100	1.25833	34.2	60
NODE_315_length_239_cov_0.987654	1	239	3	239	100	1.84519	36.1	60
NODE_316_length_239_cov_0.913580	1	239	2	239	100	1.2636	35	60
NODE_317_length_239_cov_0.913580	1	239	2	239	100	1.2636	36.7	60
NODE_318_length_239_cov_0.913580	1	239	2	239	100	1.2636	35.7	60
NODE_319_length_238_cov_1.366460	1	238	4	238	100	2.22269	36.5	60
NODE_320_length_238_cov_0.919255	1	238	2	238	100	1.26891	36.3	60
NODE_321_length_237_cov_122.606250	1	237	216	237	100	119.359	35.2	45.3
NODE_322_length_237_cov_51.875000	1	237	89	237	100	49.4219	34.9	45.8
NODE_323_length_237_cov_2.018750	1	237	6	237	100	3.4346	36.6	60
NODE_324_length_237_cov_0.925000	1	237	2	237	100	1.27426	36	60
NODE_325_length_237_cov_0.925000	1	237	2	237	100	1.27426	34.5	60
NODE_326_length_237_cov_0.925000	1	237	2	237	100	1.27426	36.3	60
NODE_327_length_237_cov_0.925000	1	237	2	237	100	1.27426	36.2	60
NODE_328_length_237_cov_0.925000	1	237	2	237	100	1.27426	36.8	60
NODE_329_length_237_cov_0.925000	1	237	2	237	100	1.27426	36.1	60
NODE_330_length_236_cov_0.930818	1	236	2	236	100	1.27966	34.4	60
NODE_331_length_236_cov_0.874214	1	236	2	236	100	1.27966	35.3	60
NODE_332_length_236_cov_0.748428	1	236	2	236	100	1.27966	35.1	60
NODE_333_length_236_cov_0.723270	1	236	2	236	100	1.27966	34.6	60
NODE_334_length_235_cov_0.936709	1	235	2	235	100	1.28511	36.7	60
NODE_335_length_235_cov_0.936709	1	235	2	235	100	1.28511	35.9	60
NODE_336_length_235_cov_0.936709	1	235	2	235	100	1.28511	36.5	60
NODE_337_length_235_cov_0.936709	1	235	2	235	100	1.28511	36.2	60
NODE_338_length_235_cov_0.822785	1	235	2	235	100	1.28511	32.4	60
NODE_339_length_234_cov_1.885350	1	234	4	234	100	2.5812	34.1	60
NODE_340_length_234_cov_0.942675	1	234	2	234	100	1.2906	36.3	60
NODE_341_length_234_cov_0.942675	1	234	2	234	100	1.2906	36.5	60
NODE_342_length_234_cov_0.942675	1	234	2	234	100	1.2906	36.3	60
NODE_343_length_234_cov_0.942675	1	234	2	234	100	1.2906	36.8	60
NODE_344_length_234_cov_0.942675	1	234	24	234	100	7.8547	36.1	54.2
NODE_345_length_234_cov_0.783439	1	234	2	234	100	1.2906	35.1	60
NODE_346_length_233_cov_130.596154	1	233	371	233	100	217.588	35.1	49
NODE_347_length_233_cov_1.500000	1	233	4	233	100	2.59227	34	60
NODE_348_length_233_cov_0.948718	1	233	2	233	100	1.29614	36.4	60
NODE_349_length_233_cov_0.948718	1	233	2	233	100	1.29614	33.6	60
NODE_350_length_233_cov_0.846154	1	233	2	233	100	1.29614	33.8	60
NODE_351_length_232_cov_1.909677	1	232	4	232	100	2.60345	35.9	60
NODE_352_length_232_cov_0.954839	1	232	2	232	100	1.30172	36.1	60
NODE_353_length_232_cov_0.954839	1	232	2	232	100	1.30172	36.4	60
NODE_354_length_232_cov_0.954839	1	232	2	232	100	1.30172	36.2	60
NODE_355_length_232_cov_0.954839	1	232	2	232	100	1.30172	36.6	60
NODE_356_length_232_cov_0.954839	1	232	2	232	100	1.30172	36.3	60
NODE_357_length_231_cov_0.961039	1	231	2	231	100	1.30736	36.4	60
NODE_358_length_231_cov_0.961039	1	231	2	231	100	1.30736	36.4	60
NODE_359_length_231_cov_0.961039	1	231	2	231	100	1.30736	34.9	60
NODE_360_length_231_cov_0.961039	1	231	2	231	100	1.30736	36.1	60
NODE_361_length_231_cov_0.961039	1	231	2	231	100	1.30736	36.4	60
NODE_362_length_231_cov_0.376623	1	231	26	231	100	5.38095	34.7	56
NODE_363_length_230_cov_59.601307	1	230	79	230	100	47.6652	34.9	0
NODE_364_length_230_cov_0.967320	1	230	2	230	100	1.31304	34.9	60
NODE_365_length_230_cov_0.967320	1	230	2	230	100	1.31304	35.7	60
NODE_366_length_230_cov_0.856209	1	230	4	230	100	1.8913	36.4	60
NODE_367_length_230_cov_0.830065	1	230	2	230	100	1.31304	34.2	60
NODE_368_length_230_cov_0.790850	1	230	2	230	100	1.31304	35.1	60
NODE_369_length_229_cov_1.947368	1	229	4	229	100	2.63755	36.4	60
NODE_370_length_229_cov_0.973684	1	229	2	229	100	1.31878	36.1	60
NODE_371_length_229_cov_0.973684	1	229	2	229	100	1.31878	35.8	60
NODE_372_length_229_cov_0.973684	1	229	2	229	100	1.31878	34.4	60
NODE_373_length_229_cov_0.973684	1	229	2	229	100	1.31878	36.6	60
NODE_374_length_229_cov_0.973684	1	229	2	229	100	1.31878	36.7	60
NODE_375_length_226_cov_113.073826	1	226	263	226	100	158.496	35.1	57.8
NODE_376_length_226_cov_66.362416	1	226	61	225	99.5575	38	35.7	50.6
NODE_377_length_224_cov_400.149660	1	224	752	224	100	449.201	35.2	50.9
NODE_378_length_220_cov_76.867133	1	220	171	220	100	98.7545	34.9	37
NODE_379_length_220_cov_48.244755	1	220	73	220	100	44.5591	34.8	44.1
NODE_380_length_215_cov_59.065217	1	215	171	215	100	104.563	34.5	47.9
NODE_381_length_214_cov_29.189781	1	214	105	214	100	59.4486	34.5	46.8
NODE_382_length_213_cov_58.669118	1	213	125	213	100	79.1455	35	53.3
NODE_383_length_212_cov_34.740741	1	212	65	212	100	39.8679	34.5	54.7
NODE_384_length_211_cov_77.582090	1	211	232	211	100	150.649	34.8	49.2
NODE_385_length_210_cov_1.022556	1	210	9	162	77.1429	2.74762	32.8	17.1
NODE_386_length_208_cov_34.083969	1	208	81	208	100	42.2452	34.9	43.5
NODE_387_length_208_cov_0.587786	1	208	120	208	100	69.5337	33.8	30.4
NODE_388_length_206_cov_1150.651163	1	206	2474	206	100	1487.28	35.3	42.5
NODE_389_length_206_cov_62.108527	1	206	43	206	100	25.7039	36	36
NODE_390_length_205_cov_81.679688	1	205	163	205	100	105.185	35.5	57.8
NODE_391_length_203_cov_129.500000	1	203	209	203	100	137.433	35	47.7
NODE_392_length_200_cov_1126.691057	1	200	4240	200	100	2799.78	34.9	43.4
NODE_393_length_199_cov_76.114754	1	199	113	199	100	71.9548	35.5	53.5
NODE_394_length_198_cov_70.371901	1	198	167	198	100	104.288	35.1	45.4
NODE_395_length_197_cov_141.966667	1	197	285	197	100	194.102	34.7	22.3
NODE_396_length_196_cov_441.436975	1	196	580	196	100	392.898	35.1	43
NODE_397_length_196_cov_222.394958	1	196	408	196	100	269.061	35.2	54.9
NODE_398_length_194_cov_52.717949	1	194	98	194	100	67.2216	35.4	50.4
NODE_399_length_194_cov_42.632479	1	194	74	194	100	51.1804	35	48.6
NODE_400_length_193_cov_55.922414	1	193	102	193	100	69.7409	35	48.2
NODE_401_length_193_cov_31.362069	1	193	57	193	100	39.9637	35	45.9
NODE_402_length_192_cov_2.043478	1	192	18	192	100	6.71354	34.8	23.6
NODE_403_length_191_cov_91.061404	1	191	126	191	100	88.9581	35.5	53.6
NODE_404_length_191_cov_58.412281	1	191	64	191	100	45.8377	34.8	51.7
NODE_405_length_190_cov_129.221239	1	190	261	190	100	183.642	35.1	48.6
NODE_406_length_189_cov_51.875000	1	189	95	189	100	66.6931	34.9	51.7
NODE_407_length_188_cov_49.225225	1	188	107	188	100	72.2074	34.4	50
NODE_408_length_182_cov_41.304762	1	182	184	182	100	106.011	35.1	33.4
NODE_409_length_181_cov_151.278846	1	181	328	181	100	229.265	35	50.1
NODE_410_length_179_cov_405.068627	1	179	774	179	100	561.134	34.8	51.9
NODE_411_length_179_cov_67.245098	1	179	108	179	100	78.8212	35.1	55.3
NODE_412_length_178_cov_66.059406	1	178	104	178	100	72.8596	35.3	47.9
NODE_413_length_177_cov_50.240000	1	177	51	177	100	36.6102	35.1	46.5
NODE_414_length_176_cov_412.989899	1	176	276	176	100	195.835	35.1	0
NODE_415_length_176_cov_52.242424	1	176	59	176	100	42.8352	35.4	44.1
NODE_416_length_170_cov_148.698925	1	170	103	170	100	72.5059	34.8	35.8
NODE_417_length_169_cov_331.869565	1	169	470	169	100	358.041	34.8	43.7
NODE_418_length_169_cov_218.021739	1	169	354	169	100	261.201	35.3	49.8
NODE_419_length_167_cov_3615.655556	1	167	6584	167	100	5333.77	34.9	45.3
NODE_420_length_167_cov_260.766667	1	167	363	167	100	274.102	35	51.4
NODE_421_length_165_cov_673.409091	1	165	509	165	100	396.679	35.4	38.9
NODE_422_length_164_cov_52.287356	1	164	52	164	100	41.8171	34	44.8
NODE_423_length_164_cov_33.620690	1	164	71	164	100	51.7256	34.1	47.1
NODE_424_length_163_cov_39.453488	1	163	838	163	100	660.84	34.7	34.8
NODE_425_length_162_cov_155.741176	1	162	2961	162	100	2249.62	34.9	38.8
NODE_426_length_162_cov_0.635294	1	162	18	160	98.7654	8.69753	35.1	46.1
NODE_427_length_160_cov_206.686747	1	160	105	160	100	77.3937	34.8	35.1
NODE_428_length_160_cov_123.421687	1	160	171	160	100	133.744	35.3	44.8
NODE_429_length_159_cov_199.707317	1	159	429	159	100	322.522	34.4	46.4
NODE_430_length_158_cov_437.925926	1	158	231	158	100	180.361	34.8	30.7
NODE_431_length_158_cov_243.222222	1	158	328	158	100	260.203	34.5	53.4
NODE_432_length_158_cov_66.345679	1	158	106	158	100	84.0063	35	38.8
NODE_433_length_156_cov_62.987342	1	156	58	156	100	47.2564	35	42.9
NODE_434_length_155_cov_561.782051	1	155	676	155	100	550.052	35.2	29.7
NODE_435_length_155_cov_446.641026	1	155	544	155	100	446.8	35	33.4
NODE_436_length_155_cov_442.358974	1	155	561	155	100	458.561	35	33.2
NODE_437_length_155_cov_370.179487	1	155	518	155	100	409.645	35.4	29.1
NODE_438_length_155_cov_335.897436	1	155	419	155	100	339.516	35.3	29.5
NODE_439_length_155_cov_308.435897	1	155	66	155	100	44.2258	34.5	0.667
NODE_440_length_155_cov_294.397436	1	155	44	154	99.3548	29.8516	35.4	0
NODE_441_length_155_cov_271.461538	1	155	363	155	100	286.006	35	29.6
NODE_442_length_155_cov_120.794872	1	155	276	155	100	216.387	34.5	27.8
NODE_443_length_155_cov_108.166667	1	155	144	155	100	121.684	35.5	34.3
NODE_444_length_155_cov_91.102564	1	155	1653	155	100	1034.89	27.5	18.8
NODE_445_length_155_cov_69.435897	1	155	36	148	95.4839	27.6452	35.8	0
NODE_446_length_155_cov_65.935897	1	155	18	152	98.0645	12.271	35.5	0
NODE_447_length_155_cov_62.628205	1	155	5	140	90.3226	3	34.5	0
NODE_448_length_155_cov_62.166667	1	155	3	115	74.1935	1.6129	34.1	0
NODE_449_length_155_cov_59.705128	1	155	29	145	93.5484	19.6581	36.2	0
NODE_450_length_155_cov_59.589744	1	155	17	152	98.0645	12.3871	36.1	0
NODE_451_length_155_cov_58.756410	1	155	9	151	97.4194	5.65806	35.6	0
NODE_452_length_155_cov_57.935897	1	155	2	91	58.7097	1.17419	36	0
NODE_453_length_155_cov_56.230769	1	155	885	155	100	751.142	33.3	1.44
NODE_454_length_155_cov_54.487179	1	155	127	155	100	101.916	34.9	39.7
NODE_455_length_155_cov_54.166667	1	155	15	154	99.3548	11.271	35.9	0
NODE_456_length_155_cov_52.384615	1	155	576	155	100	445.748	34.3	37.3
NODE_457_length_155_cov_49.461538	1	155	9	149	96.129	7.72258	36.3	0
NODE_458_length_155_cov_49.333333	1	155	26	155	100	22.4065	35.4	31.7
NODE_459_length_155_cov_48.974359	1	155	59	155	100	48.729	35.7	37.8
NODE_460_length_155_cov_48.576923	1	155	23	152	98.0645	17.3419	35.9	0
NODE_461_length_155_cov_48.038462	1	155	67	155	100	51	34.8	37
NODE_462_length_155_cov_46.756410	1	155	8	153	98.7097	5.45806	35.6	34
NODE_463_length_155_cov_46.717949	1	155	675	155	100	578.91	34.7	37.2
NODE_464_length_155_cov_45.358974	1	155	51	155	100	41.2516	35.7	36.1
NODE_465_length_155_cov_44.782051	1	155	32	155	100	25.729	35.5	17.6
NODE_466_length_155_cov_44.153846	1	155	23	155	100	18.7419	36.2	36.3
NODE_467_length_155_cov_43.435897	1	155	26	155	100	21.1613	32.8	33.8
NODE_468_length_155_cov_42.500000	1	155	11	155	100	8.96129	33.7	26
NODE_469_length_155_cov_42.397436	1	155	34	155	100	26.1419	35.5	36.6
NODE_470_length_155_cov_40.512821	1	155	59	155	100	49.5871	35.4	41.3
NODE_471_length_155_cov_40.115385	1	155	5	154	99.3548	3.45806	36.5	37.6
NODE_472_length_155_cov_37.282051	1	155	46	155	100	38.1871	35.9	32.7
NODE_473_length_155_cov_36.269231	1	155	9	151	97.4194	5.44516	34	27.2
NODE_474_length_155_cov_36.256410	1	155	3	153	98.7097	2.70968	32	6
NODE_475_length_155_cov_33.525641	1	155	22	150	96.7742	16.7161	34.7	35.3
NODE_476_length_155_cov_32.410256	1	155	23	155	100	16.6258	35.6	27.7
NODE_477_length_155_cov_29.538462	1	155	908	155	100	766.335	33.3	1.7
NODE_478_length_155_cov_28.487179	1	155	4	124	80	1.52903	36.1	25.5
NODE_479_length_155_cov_28.282051	1	155	1106	155	100	961.613	33.3	2.16
NODE_480_length_155_cov_27.089744	1	155	1047	155	100	897.206	33.2	2.03
NODE_481_length_154_cov_270.363636	1	154	610	154	100	480.312	34.6	40.7
NODE_482_length_154_cov_48.896104	1	154	63	154	100	51.5325	35.2	46.1
NODE_483_length_154_cov_29.233766	1	154	555	154	100	431.974	33.4	0.582
NODE_484_length_153_cov_28.986842	1	153	43	153	100	31.5556	34.6	42.9
NODE_485_length_152_cov_474.226667	1	152	818	152	100	505.48	35	21.5
NODE_486_length_151_cov_107.093333	1	151	534	151	100	450.49	33.8	1.82
NODE_487_length_152_cov_53.320000	1	152	95	152	100	74.0461	35.4	50.9
NODE_488_length_152_cov_37.586667	1	152	42	152	100	34.3421	34.4	57
NODE_489_length_151_cov_106.945946	1	151	153	151	100	125.881	35.2	53.4
NODE_490_length_151_cov_54.662162	1	151	93	151	100	70.0662	34.6	47
NODE_491_length_151_cov_51.486486	1	151	45	151	100	36.053	34.6	36.1
NODE_492_length_151_cov_44.689189	1	151	78	151	100	57.6026	34.5	38
NODE_493_length_151_cov_3.189189	1	151	25	151	100	10.7682	35.9	20.5
NODE_494_length_150_cov_107.383562	1	150	53	150	100	27.0333	33.9	17.1
NODE_495_length_149_cov_538.722222	1	149	519	149	100	432	34.9	34.2
NODE_496_length_149_cov_492.236111	1	149	582	149	100	482.383	35.1	49.5
NODE_497_length_149_cov_468.902778	1	149	110	149	100	76.9799	35	33.4
NODE_498_length_149_cov_135.027778	1	149	115	149	100	94.3154	34.8	29
NODE_499_length_149_cov_86.361111	1	149	651	149	100	548.047	34.7	37.6
NODE_500_length_149_cov_52.333333	1	149	1571	149	100	1253.07	34.4	34
NODE_501_length_149_cov_50.805556	1	149	20	149	100	12.3221	35.2	18.1
NODE_502_length_148_cov_299.436620	1	148	325	148	100	271.405	35.2	35
NODE_503_length_148_cov_55.352113	1	148	20	148	100	16.9459	34.9	42.5
NODE_504_length_147_cov_64.042857	1	147	83	147	100	68.8503	35	46
NODE_505_length_146_cov_2571.695652	1	146	3631	146	100	3197.9	35.4	46.7
NODE_506_length_146_cov_399.246377	1	146	568	146	100	451.445	35	36.4
NODE_507_length_146_cov_73.260870	1	146	701	146	100	619.205	34.6	38.2
NODE_508_length_146_cov_51.913043	1	146	57	146	100	40.5342	35	32.5
NODE_509_length_146_cov_41.202899	1	146	125	146	100	108.411	34.9	30.9
NODE_510_length_145_cov_171.647059	1	145	163	145	100	132.717	35.3	30.7
NODE_511_length_145_cov_55.338235	1	145	70	145	100	57.9172	34.6	49.1
NODE_512_length_145_cov_46.897059	1	145	100	145	100	62.3448	35.7	28.6
NODE_513_length_144_cov_338.716418	1	144	72	144	100	48.8819	34.6	23.6
NODE_514_length_144_cov_221.611940	1	144	219	144	100	186.764	35.1	52.8
NODE_515_length_144_cov_107.985075	1	144	184	144	100	144	33.1	31.7
NODE_516_length_143_cov_196.545455	1	143	191	143	100	166.434	35.5	51.5
NODE_517_length_143_cov_112.000000	1	143	25	142	99.3007	12.8531	35.1	8.04
NODE_518_length_143_cov_71.984848	1	143	37	143	100	32.958	34.6	27.7
NODE_519_length_143_cov_64.787879	1	143	66	143	100	57.7273	35.4	46.5
NODE_520_length_143_cov_63.045455	1	143	330	143	100	268.979	34.8	28.1
NODE_521_length_143_cov_56.651515	1	143	130	143	100	101.35	34.6	16.4
NODE_522_length_143_cov_44.939394	1	143	3422	143	100	2898.64	35.1	35.5
NODE_523_length_143_cov_39.590909	1	143	57	142	99.3007	40.0699	35.7	0
NODE_524_length_142_cov_222.461538	1	142	312	142	100	256.204	33.5	33.4
NODE_525_length_142_cov_47.815385	1	142	1069	142	100	944.746	34.8	36.5
NODE_526_length_141_cov_144.656250	1	141	213	141	100	176.532	33.7	25.4
NODE_527_length_141_cov_81.765625	1	141	122	141	100	96.6312	33.1	26
NODE_528_length_141_cov_49.609375	1	141	59	141	100	48.8014	34.9	42.9
NODE_529_length_140_cov_204.222222	1	140	867	140	100	772.436	34.9	40.4
NODE_530_length_140_cov_104.507937	1	140	67	140	100	59.25	35.4	38.8
NODE_531_length_140_cov_56.904762	1	140	74	140	100	60.4143	35.3	43.6
NODE_532_length_140_cov_47.873016	1	140	91	140	100	79.8929	35.4	29.4
NODE_533_length_140_cov_47.746032	1	140	181	140	100	143.979	35	29.5
NODE_534_length_140_cov_44.269841	1	140	30	140	100	24.8429	36.5	36
NODE_535_length_140_cov_42.396825	1	140	474	140	100	401.457	34.1	29.3
NODE_536_length_141_cov_30.317460	1	141	1110	141	100	904.794	34.4	35.3
NODE_537_length_139_cov_63.725806	1	139	38	139	100	32.6187	35.2	24.9
NODE_538_length_139_cov_61.709677	1	139	220	139	100	154.54	34.3	29.5
NODE_539_length_138_cov_131.229508	1	138	192	138	100	161.399	35	45
NODE_540_length_138_cov_128.295082	1	138	1476	138	100	1287.52	34.9	41.5
NODE_541_length_137_cov_152.900000	1	137	636	137	100	586.62	35.1	34.1
NODE_542_length_137_cov_122.433333	1	137	75	137	100	63.6642	34.6	32.9
NODE_543_length_137_cov_99.150000	1	137	82	137	100	69.8467	34.4	29.2
NODE_544_length_137_cov_53.833333	1	137	33	137	100	18.5036	33.4	9.85
NODE_545_length_136_cov_762.016949	1	136	710	136	100	633.353	35.2	50.8
NODE_546_length_135_cov_102.620690	1	135	192	135	100	149.622	33.6	32.9
NODE_547_length_135_cov_101.913793	1	135	19	135	100	11.2889	34.1	33.6
NODE_548_length_135_cov_88.775862	1	135	14	135	100	8.74815	35.8	28.6
NODE_549_length_135_cov_59.551724	1	135	139	135	100	92.5333	34.8	29.2
NODE_550_length_135_cov_32.655172	1	135	34	135	100	28.0148	35.6	37.4
NODE_551_length_135_cov_3.120690	1	135	52701	135	100	24062.3	28.5	11.5
NODE_552_length_134_cov_381.385965	1	134	624	134	100	557.127	34.6	43
NODE_553_length_134_cov_354.649123	1	134	70	134	100	45.291	34.2	22.4
NODE_554_length_134_cov_337.719298	1	134	58	134	100	44.3582	35.1	28.2
NODE_555_length_134_cov_270.614035	1	134	46	133	99.2537	31.4104	35.3	0
NODE_556_length_134_cov_54.754386	1	134	51	134	100	45.4403	34.8	35.2
NODE_557_length_134_cov_48.000000	1	134	35	134	100	29.1716	35.1	25.5
NODE_558_length_134_cov_46.543860	1	134	31	134	100	20.0448	34.8	35.5
NODE_559_length_134_cov_28.824561	1	134	61	134	100	49.0075	34.4	34
NODE_560_length_134_cov_25.649123	1	134	29	134	100	24.4179	35.2	46.8
NODE_561_length_133_cov_534.892857	1	133	384	133	100	352.053	35	40.7
NODE_562_length_133_cov_113.982143	1	133	56	133	100	51.3759	35	35.5
NODE_563_length_133_cov_52.142857	1	133	63	133	100	57.609	34.9	48.8
NODE_564_length_133_cov_40.625000	1	133	26	133	100	20.0301	35	0
NODE_565_length_132_cov_278.472727	1	132	113	132	100	93.1742	35.4	41.2
NODE_566_length_132_cov_141.145455	1	132	39	132	100	32.8258	34.7	28.9
NODE_567_length_131_cov_207.333333	1	131	78	131	100	58.8015	35.5	45.2
NODE_568_length_131_cov_150.351852	1	131	107	131	100	86.8779	34.8	25.8
NODE_569_length_131_cov_133.037037	1	131	10	128	97.7099	6.94656	34.7	36.6
NODE_570_length_131_cov_128.888889	1	131	70	131	100	59.3206	34.3	29.5
NODE_571_length_131_cov_63.796296	1	131	347	131	100	260.527	35.1	12.3
NODE_572_length_131_cov_61.259259	1	131	14	128	97.7099	9.48092	35.3	10.6
NODE_573_length_131_cov_60.388889	1	131	23	131	100	15.8931	36	26.1
NODE_574_length_131_cov_57.111111	1	131	28	131	100	24.6565	35.2	26.8
NODE_575_length_131_cov_53.777778	1	131	18	131	100	13.7328	33.8	25.3
NODE_576_length_131_cov_44.925926	1	131	47	131	100	36	34.7	31.6
NODE_577_length_131_cov_1.703704	1	131	171	131	100	157.023	33.9	17.4
NODE_578_length_130_cov_442.962264	1	130	461	130	100	415.738	34.8	43.6
NODE_579_length_129_cov_134.596154	1	129	219	129	100	191.372	35.5	16.4
NODE_580_length_129_cov_54.057692	1	129	50	129	100	46.093	35.5	50.5
NODE_581_length_129_cov_28.192308	1	129	75	129	100	59.876	34	27.3
NODE_582_length_128_cov_464.235294	1	128	117	128	100	99.6484	34.6	13.4
NODE_583_length_128_cov_279.568627	1	128	158	128	100	147.102	34.4	34.4
NODE_584_length_128_cov_197.549020	1	128	539	128	100	447.312	35.2	13.1
NODE_585_length_128_cov_162.000000	1	128	32	128	100	25.4453	33.7	40.5
NODE_586_length_128_cov_36.823529	1	128	10	114	89.0625	5.44531	31.6	6
NODE_587_length_128_cov_34.764706	1	128	112	128	100	99.7188	35	32.4
NODE_588_length_127_cov_201.100000	1	127	241	127	100	206.165	35.1	23.3
NODE_589_length_127_cov_93.020000	1	127	191	127	100	162.008	34.4	30.4
NODE_590_length_127_cov_2.440000	1	127	2	112	88.189	1.76378	36.9	31
NODE_591_length_126_cov_324.285714	1	126	301	126	100	277.016	35	43.2
NODE_592_length_126_cov_80.183673	1	126	189	126	100	167.27	35.3	25.1
NODE_593_length_125_cov_736.208333	1	125	700	125	100	602.68	34.5	42.6
NODE_594_length_125_cov_303.416667	1	125	304	125	100	273.2	35	32.7
NODE_595_length_125_cov_55.875000	1	125	18	125	100	13.12	36.2	27.6
NODE_596_length_125_cov_51.520833	1	125	29	125	100	23.304	34.8	30.5
NODE_597_length_125_cov_47.562500	1	125	139	125	100	124.352	34.8	34.7
NODE_598_length_125_cov_44.104167	1	125	13	125	100	10.56	34.2	30.5
NODE_599_length_124_cov_1565.936170	1	124	105	124	100	69.3468	34.4	2.43
NODE_600_length_123_cov_37.956522	1	123	638	123	100	579.512	33.8	26.9
NODE_601_length_122_cov_577.577778	1	122	79	122	100	61.4426	34.9	20.9
NODE_602_length_122_cov_555.533333	1	122	54	122	100	36.4754	33.4	15.3
NODE_603_length_122_cov_404.777778	1	122	1404	122	100	1292.06	35.3	35.2
NODE_604_length_122_cov_246.644444	1	122	27	122	100	19.6721	34.7	27.9
NODE_605_length_122_cov_57.000000	1	122	9	61	50	4.2377	32.7	12.2
NODE_606_length_121_cov_446.045455	1	121	58	121	100	38.438	34.5	15.3
NODE_607_length_119_cov_350.023810	1	119	53	119	100	41.4454	34.8	15.6
NODE_608_length_119_cov_280.214286	1	119	198	119	100	187.992	35.4	26.4
NODE_609_length_119_cov_274.761905	1	119	246	119	100	223.815	35.5	25.2
NODE_610_length_119_cov_266.976190	1	119	17	119	100	10.8067	36.2	11.9
NODE_611_length_119_cov_200.571429	1	119	9	113	94.958	5.88235	34.1	0
NODE_613_length_119_cov_169.214286	1	119	529	119	100	484.908	34.9	26
NODE_614_length_119_cov_147.404762	1	119	1007	119	100	938.151	35.3	30.5
NODE_615_length_119_cov_99.071429	1	119	16	119	100	9.05042	33.8	18.1
NODE_616_length_119_cov_95.809524	1	119	63	119	100	57.6975	34.5	37.1
NODE_617_length_119_cov_62.619048	1	119	9	116	97.479	6.33613	36.3	22.6
NODE_618_length_118_cov_41.195122	1	118	28	118	100	24.9915	34.3	33
NODE_619_length_118_cov_39.463415	1	118	13	118	100	10.8559	35.1	36.1
NODE_620_length_117_cov_445.900000	1	117	383	117	100	354.359	34.6	35.9
NODE_621_length_117_cov_177.425000	1	117	20	117	100	15.4872	34.8	36
NODE_622_length_117_cov_53.625000	1	117	6	111	94.8718	5.37607	35.3	0
NODE_623_length_116_cov_490.230769	1	116	20	116	100	16.1638	35	29.6
NODE_624_length_116_cov_298.461538	1	116	258	116	100	239.353	34.6	33.7
NODE_625_length_116_cov_233.974359	1	116	47	116	100	36.7672	34.6	33.5
NODE_626_length_116_cov_187.230769	1	116	11	108	93.1034	7.31897	36.5	27.1
NODE_627_length_116_cov_152.333333	1	116	16	116	100	13.2155	36	36.8
NODE_628_length_116_cov_107.025641	1	116	23	116	100	14.5172	35.1	5.96
NODE_629_length_116_cov_26.794872	1	116	35	116	100	27.6379	34.3	31.1
NODE_630_length_115_cov_90.552632	1	115	97	115	100	84.7304	34.3	35.2
NODE_631_length_115_cov_39.894737	1	115	9	115	100	5.5913	32.9	22.3
NODE_632_length_114_cov_4433.864865	1	114	125	114	100	87.7105	34.7	0.208
NODE_633_length_114_cov_235.567568	1	114	8	111	97.3684	5.26316	36.5	0
NODE_634_length_114_cov_149.945946	1	114	83	114	100	62.7632	35	16.9
NODE_635_length_114_cov_92.810811	1	114	82	114	100	74.3246	34.9	23.9
NODE_636_length_113_cov_1467.250000	1	113	38	113	100	25.8584	34.6	1.39
NODE_637_length_113_cov_347.500000	1	113	36	113	100	25.3009	34.4	3
NODE_638_length_113_cov_200.750000	1	113	172	113	100	160.54	34.3	29.8
NODE_639_length_113_cov_176.166667	1	113	44	113	100	32.0265	33.7	14.4
NODE_640_length_113_cov_151.666667	1	113	90	113	100	71.4071	34.9	9.58
NODE_641_length_113_cov_71.666667	1	113	2	76	67.2566	1.20354	31.2	0.5
NODE_642_length_113_cov_65.972222	1	113	27	113	100	16.0531	33.7	16.7
NODE_643_length_113_cov_58.222222	1	113	367	113	100	335.92	35.7	31.5
NODE_644_length_113_cov_54.861111	1	113	3	49	43.3628	1.17699	34.6	0
NODE_645_length_113_cov_54.472222	1	113	48	113	100	36.6372	35.5	7
NODE_646_length_113_cov_51.888889	1	113	10	113	100	7.53097	36.1	2.6
NODE_647_length_113_cov_46.861111	1	113	20	113	100	16.7965	35.1	1.05
NODE_648_length_113_cov_46.361111	1	113	4	92	81.4159	1.97345	33.6	0
NODE_649_length_113_cov_41.444444	1	113	2	57	50.4425	0.80531	33.8	0
NODE_650_length_113_cov_1.138889	1	113	1	45	39.823	0.39823	35.3	0
NODE_651_length_112_cov_403.800000	1	112	394	112	100	356.92	34.5	27.8
NODE_652_length_112_cov_173.714286	1	112	21	110	98.2143	14.4554	34.9	24.2
NODE_653_length_112_cov_51.514286	1	112	2	98	87.5	1.10714	28.5	24
NODE_654_length_112_cov_44.971429	1	112	6	96	85.7143	3.91071	35	16.5
NODE_655_length_111_cov_420.382353	1	111	116	111	100	71.5946	33.6	1.21
NODE_656_length_111_cov_176.941176	1	111	41	111	100	37.4234	35.5	27
NODE_657_length_111_cov_127.411765	1	111	148	111	100	129.468	34.5	25
NODE_659_length_111_cov_48.176471	1	111	48	111	100	40.8739	34.9	15.1
NODE_660_length_111_cov_38.588235	1	111	48	111	100	41.6667	34.3	27.5
NODE_661_length_111_cov_33.882353	1	111	27	111	100	23.2252	34.8	20.7
NODE_662_length_110_cov_959.666667	1	110	72	110	100	59.5091	34	32.1
NODE_663_length_110_cov_641.121212	1	110	457	110	100	418.736	34.7	25.5
NODE_664_length_110_cov_624.636364	1	110	43	110	100	32.6455	33.7	2.42
NODE_665_length_110_cov_383.151515	1	110	36	110	100	26.9364	35.1	32.6
NODE_666_length_110_cov_316.030303	1	110	267	110	100	252.773	34.8	30.5
NODE_667_length_110_cov_157.909091	1	110	4	97	88.1818	2.91818	36.7	0
NODE_668_length_110_cov_99.757576	1	110	47	110	100	40.9364	34.6	29.4
NODE_669_length_110_cov_89.181818	1	110	56	110	100	55.0727	35.2	39.3
NODE_670_length_110_cov_54.333333	1	110	31	110	100	26.3636	34.2	15.1
NODE_671_length_110_cov_40.878788	1	110	4	89	80.9091	2.79091	34.8	25
NODE_672_length_109_cov_147.625000	1	109	19	109	100	14.7064	34.3	25.7
NODE_673_length_109_cov_47.375000	1	109	68	109	100	53.844	34.8	16.4
NODE_674_length_108_cov_419.806452	1	108	73	108	100	41.7315	34	2.36
NODE_675_length_108_cov_277.483871	1	108	100	108	100	93.0185	35.2	24.1
NODE_676_length_108_cov_142.645161	1	108	39	108	100	36.8611	34.8	29.4
NODE_677_length_107_cov_670.266667	1	107	12	102	95.3271	7.23364	35.8	0.833
NODE_678_length_107_cov_546.900000	1	107	9	107	100	5.60748	33.2	0
NODE_679_length_107_cov_330.433333	1	107	19	107	100	14.5888	34.9	20.1
NODE_680_length_107_cov_224.433333	1	107	13	107	100	9.81308	35.6	28.5
NODE_681_length_107_cov_200.033333	1	107	13	107	100	10.9252	36.1	10.6
NODE_682_length_107_cov_176.233333	1	107	3	86	80.3738	2.14953	29.5	6.67
NODE_683_length_107_cov_140.100000	1	107	94	107	100	82.6542	34.9	23.6
NODE_685_length_107_cov_117.300000	1	107	6	88	82.243	3.25234	34.9	8.33
NODE_686_length_107_cov_63.000000	1	107	117	107	100	90.4486	34.7	12.2
NODE_687_length_107_cov_32.700000	1	107	11	101	94.3925	6.57944	35.4	24.4
NODE_688_length_107_cov_2.500000	1	107	1	67	62.6168	0.626168	29.5	0
NODE_689_length_106_cov_1968.137931	1	106	1155	106	100	1109.25	35.1	33.2
NODE_690_length_106_cov_713.413793	1	106	344	106	100	325.255	34.4	24.5
NODE_691_length_106_cov_215.586207	1	106	97	106	100	76.9528	34.9	22.7
NODE_692_length_106_cov_160.689655	1	106	95	106	100	90.7547	34.9	21.3
NODE_693_length_106_cov_58.689655	1	106	38	106	100	35.5	34.5	31
NODE_694_length_105_cov_1350.178571	1	105	150	105	100	126.819	34	3.45
NODE_695_length_105_cov_980.928571	1	105	18	103	98.0952	12.8667	35.6	0
NODE_696_length_105_cov_128.428571	1	105	10	105	100	8.14286	33.6	25.8
NODE_697_length_105_cov_52.535714	1	105	5	101	96.1905	2.24762	35	3.6
NODE_699_length_104_cov_678.518519	1	104	24	104	100	17.8846	34.5	14.3
NODE_700_length_104_cov_362.962963	1	104	170	104	100	164.24	34.6	30.1
NODE_701_length_104_cov_313.333333	1	104	13	104	100	10.4038	34.7	12.2
NODE_702_length_104_cov_300.777778	1	104	5	104	100	2.18269	30.7	0.6
NODE_703_length_104_cov_235.777778	1	104	33	92	88.4615	15.0096	35.5	19.2
NODE_704_length_104_cov_150.962963	1	104	7	96	92.3077	4.68269	32	10.3
NODE_705_length_104_cov_142.333333	1	104	4	100	96.1538	2.15385	36.1	0
NODE_706_length_104_cov_131.111111	1	104	12	95	91.3462	6.68269	34.2	1
NODE_707_length_104_cov_106.444444	1	104	57	104	100	53.9808	34.4	23.7
NODE_708_length_104_cov_95.333333	1	104	16	104	100	8.06731	34.5	4.81
NODE_709_length_104_cov_69.037037	1	104	2	101	97.1154	1.94231	36.8	21
NODE_710_length_103_cov_682.692308	1	103	13	101	98.0583	6.71845	35.5	18.2
NODE_711_length_103_cov_578.500000	1	103	284	103	100	268.757	35.1	16.1
NODE_712_length_103_cov_546.384615	1	103	13	101	98.0583	9.8835	34.4	1.23
NODE_713_length_103_cov_502.269231	1	103	44	103	100	38.3592	34.5	20.4
NODE_714_length_103_cov_384.115385	1	103	9	103	100	6.26214	35.6	0.556
NODE_715_length_103_cov_264.461538	1	103	21	103	100	15.9029	33.8	24.8
NODE_716_length_103_cov_197.653846	1	103	2	57	55.3398	0.776699	31.4	0
NODE_717_length_103_cov_163.307692	1	103	38	103	100	33.3786	35.1	27.1
NODE_718_length_103_cov_121.346154	1	103	65	103	100	55.301	34.8	14.2
NODE_719_length_103_cov_84.576923	1	103	22	103	100	17.2621	32.9	16.5
NODE_720_length_102_cov_3563.360000	1	102	169	102	100	128.392	34.7	8.05
NODE_721_length_102_cov_1011.120000	1	102	24	102	100	17.3922	33.4	0
NODE_722_length_102_cov_570.240000	1	102	70	102	100	65.4608	35.8	40.6
NODE_723_length_102_cov_456.720000	1	102	46	102	100	36.3725	34.8	17
NODE_724_length_102_cov_383.760000	1	102	13	102	100	7.62745	34.3	0
NODE_725_length_102_cov_311.760000	1	102	25	102	100	20.7059	35.1	15.9
NODE_726_length_102_cov_237.640000	1	102	16	101	99.0196	11.7941	34.9	9.19
NODE_727_length_102_cov_185.840000	1	102	2	86	84.3137	1.68627	37	0
NODE_728_length_102_cov_161.160000	1	102	71	102	100	60.5294	34.5	17
NODE_729_length_102_cov_111.520000	1	102	23	102	100	20.2059	35.1	28.4
NODE_730_length_102_cov_81.040000	1	102	16	99	97.0588	9.42157	34.1	0
NODE_731_length_102_cov_74.920000	1	102	7	102	100	5.33333	31.9	8
NODE_732_length_102_cov_66.920000	1	102	8	98	96.0784	3.63725	35.2	10.5
NODE_733_length_102_cov_43.760000	1	102	4	74	72.549	2.08824	34.4	0
NODE_734_length_102_cov_35.960000	1	102	13	102	100	10.5196	32.5	12.7
NODE_735_length_102_cov_35.440000	1	102	3	102	100	2.35294	31.2	3.67
NODE_736_length_102_cov_35.160000	1	102	6	98	96.0784	2.70588	33.6	0
NODE_737_length_101_cov_1668.458333	1	101	12	100	99.0099	7.42574	33.9	0
NODE_738_length_101_cov_1430.333333	1	101	25	100	99.0099	16.7723	33.9	0
NODE_739_length_101_cov_1034.291667	1	101	7	100	99.0099	4.90099	34.4	0
NODE_740_length_101_cov_914.833333	1	101	56	101	100	45.4554	35.3	20.6
NODE_741_length_101_cov_885.041667	1	101	34	101	100	20.8812	33.4	1.91
NODE_742_length_101_cov_562.500000	1	101	138	101	100	129.564	35.8	20.9
NODE_743_length_101_cov_531.500000	1	101	44	101	100	37.0792	35.2	15.4
NODE_744_length_101_cov_528.208333	1	101	15	101	100	9.17822	32.8	1.27
NODE_745_length_101_cov_469.000000	1	101	12	95	94.0594	9.9901	34.1	24.9
NODE_746_length_101_cov_460.000000	1	101	63	101	100	41.8218	34.5	0.857
NODE_747_length_101_cov_293.375000	1	101	11	93	92.0792	5.89109	33.9	0
NODE_748_length_101_cov_258.458333	1	101	60	101	100	42.9307	34.9	0.233
NODE_749_length_101_cov_222.291667	1	101	105	101	100	101.752	35.4	5.63
NODE_750_length_101_cov_154.666667	1	101	17	101	100	15.0594	35	35
NODE_751_length_101_cov_115.041667	1	101	29	101	100	17.8416	36.2	17.7
NODE_752_length_101_cov_91.458333	1	101	9	101	100	5.79208	32.1	35.8
NODE_753_length_101_cov_84.208333	1	101	29	101	100	27.3069	34.1	16.9
NODE_754_length_101_cov_75.625000	1	101	35	101	100	29.5644	34.1	12.4
NODE_755_length_101_cov_42.375000	1	101	25	48	47.5248	10.396	35.3	6.6
NODE_756_length_101_cov_31.041667	1	101	15	101	100	9.45545	34.4	6.8
NODE_757_length_100_cov_778.304348	1	100	27	100	100	24.74	35.8	33.7
NODE_758_length_100_cov_298.695652	1	100	16	100	100	13.84	32.8	0
NODE_759_length_100_cov_231.478261	1	100	15	100	100	10.71	32.8	3.8
NODE_760_length_100_cov_161.173913	1	100	19	100	100	12.14	32.3	1.05
NODE_761_length_100_cov_136.304348	1	100	9	100	100	6.24	33.5	18
NODE_762_length_99_cov_1220.409091	1	99	48	99	100	35.5556	35.4	2.17
NODE_763_length_99_cov_579.454545	1	99	14	99	100	10.7071	35.9	26.9
NODE_764_length_99_cov_222.954545	1	99	52	99	100	48.3939	33.9	16.2
NODE_765_length_99_cov_208.681818	1	99	18	99	100	13.3333	35.5	8.33
NODE_766_length_99_cov_197.727273	1	99	17	99	100	12.7778	34.9	26.5
NODE_767_length_99_cov_133.181818	1	99	6	99	100	3.27273	32.2	3
NODE_768_length_99_cov_99.636364	1	99	17	99	100	12.7273	33.9	19.3
NODE_769_length_99_cov_52.954545	1	99	5	86	86.8687	2.70707	34.2	1.6
NODE_770_length_98_cov_1841.619048	1	98	40	98	100	24.8367	35	0.325
NODE_771_length_98_cov_1469.523810	1	98	39	98	100	27.7449	35.7	6.69
NODE_772_length_98_cov_1047.047619	1	98	30	98	100	21.051	31.7	4.47
NODE_773_length_98_cov_1014.714286	1	98	18	98	100	13.102	34.4	0
NODE_774_length_98_cov_768.809524	1	98	2	97	98.9796	1.37755	31.7	0
NODE_775_length_98_cov_491.666667	1	98	21	97	98.9796	14.1939	34.2	8.76
NODE_776_length_98_cov_436.857143	1	98	16	98	100	10.1122	32.8	8.5
NODE_777_length_98_cov_406.428571	1	98	108	98	100	77.4592	34.7	3.28
NODE_778_length_98_cov_326.666667	1	98	2	92	93.8776	1.34694	30	0
NODE_779_length_98_cov_298.714286	1	98	4	98	100	2.68367	32.9	2.25
NODE_780_length_98_cov_211.238095	1	98	26	98	100	22.7959	34	23.9
NODE_781_length_98_cov_179.857143	1	98	3	70	71.4286	1.84694	35.2	0
NODE_782_length_98_cov_142.619048	1	98	13	98	100	12.602	35.7	47.4
NODE_784_length_98_cov_132.428571	1	98	7	98	100	4.76531	31.6	22.4
NODE_785_length_98_cov_126.476190	1	98	48	98	100	35.3878	35.1	16.1
NODE_786_length_98_cov_117.714286	1	98	18	98	100	13.6429	33.9	13.6
NODE_787_length_98_cov_102.000000	1	98	25	95	96.9388	15	34.9	2.4
NODE_789_length_98_cov_68.666667	1	98	5	86	87.7551	3.0102	35.2	0
NODE_790_length_98_cov_57.523810	1	98	10	98	100	8.4898	34.3	37.6
NODE_791_length_98_cov_50.285714	1	98	11	69	70.4082	5.08163	33.1	23.5
NODE_792_length_98_cov_50.047619	1	98	86	98	100	55.1633	34.4	6.62
NODE_793_length_98_cov_44.333333	1	98	4	76	77.551	2.55102	35.4	0
NODE_794_length_98_cov_34.142857	1	98	2	80	81.6327	1.31633	32.7	10
NODE_795_length_98_cov_32.761905	1	98	4	96	97.9592	2.64286	36.6	4.5
NODE_796_length_97_cov_3117.600000	1	97	107	97	100	89.5876	35.4	25.5
NODE_797_length_97_cov_1277.200000	1	97	61	97	100	35.299	35.2	17.6
NODE_798_length_97_cov_1104.050000	1	97	17	96	98.9691	10.5773	33	0
NODE_799_length_97_cov_395.650000	1	97	47	97	100	29.3814	34.9	18.8
NODE_800_length_97_cov_214.200000	1	97	1	94	96.9072	0.969072	33.5	13
NODE_801_length_97_cov_196.000000	1	97	3	94	96.9072	2.28866	36.5	0
NODE_802_length_97_cov_164.550000	1	97	55	97	100	46.5464	34	10.4
NODE_803_length_97_cov_155.700000	1	97	21	97	100	19.2268	34.9	23.1
NODE_804_length_97_cov_113.100000	1	97	52	97	100	46.0515	35.2	8.13
NODE_806_length_97_cov_48.400000	1	97	3	85	87.6289	2.13402	34.7	0
NODE_807_length_97_cov_45.900000	1	97	13	97	100	6.53608	35.3	2.15
NODE_808_length_97_cov_40.600000	1	97	38	97	100	28.9278	33.5	12.3
NODE_809_length_97_cov_36.750000	1	97	2	83	85.567	1.71134	35.9	34
NODE_810_length_96_cov_297.631579	1	96	3	80	83.3333	1.47917	31.4	0
NODE_811_length_96_cov_134.052632	1	96	2	95	98.9583	1.94792	32	5
NODE_812_length_96_cov_105.684211	1	96	34	96	100	28.0625	34.2	21
NODE_813_length_96_cov_42.421053	1	96	8	96	100	6.35417	32.2	19.8
NODE_814_length_95_cov_3191.333333	1	95	15	92	96.8421	9.25263	33.1	0
NODE_815_length_95_cov_3113.777778	1	95	42	95	100	33.0737	35.3	2.81
NODE_816_length_95_cov_2707.388889	1	95	49	95	100	38.0316	34.5	0
NODE_817_length_95_cov_1455.888889	1	95	57	95	100	48.1789	34	22
NODE_818_length_95_cov_1333.722222	1	95	12	95	100	8.67368	35.2	0
NODE_819_length_95_cov_1009.777778	1	95	35	95	100	22.8737	35.7	3.8
NODE_820_length_95_cov_916.000000	1	95	26	95	100	19.0211	34.3	0
NODE_821_length_95_cov_837.888889	1	95	14	95	100	9.15789	32.1	3
NODE_822_length_95_cov_760.722222	1	95	69	95	100	65.0737	34.4	29
NODE_823_length_95_cov_720.333333	1	95	10	95	100	7.52632	34.9	0
NODE_824_length_95_cov_706.388889	1	95	34	95	100	29.9895	34.9	28.8
NODE_825_length_95_cov_655.944444	1	95	12	95	100	11.2211	36.7	46.3
NODE_826_length_95_cov_530.055556	1	95	20	95	100	17.7579	34.3	21.6
NODE_827_length_95_cov_441.222222	1	95	16	95	100	12.9053	36.1	15.6
NODE_828_length_95_cov_382.666667	1	95	49	95	100	44.3053	33.6	21.3
NODE_829_length_95_cov_358.944444	1	95	17	95	100	11.4105	36.3	14.5
NODE_830_length_95_cov_341.055556	1	95	9	95	100	5.4	34.4	0
NODE_831_length_95_cov_296.500000	1	95	24	95	100	16.9053	34.5	5.12
NODE_832_length_95_cov_240.055556	1	95	16	95	100	14.1684	34.2	24.6
NODE_833_length_95_cov_236.111111	1	95	9	94	98.9474	6.73684	35.4	1.11
NODE_834_length_95_cov_198.388889	1	95	6	95	100	3.87368	31.1	3.17
NODE_835_length_95_cov_161.166667	1	95	6	93	97.8947	3.58947	30.1	0
NODE_836_length_95_cov_158.500000	1	95	12	94	98.9474	9.56842	33.2	0.417
NODE_837_length_95_cov_113.500000	1	95	2	89	93.6842	1.87368	32.9	46.5
NODE_838_length_95_cov_106.777778	1	95	5	77	81.0526	2.32632	35.9	0
NODE_839_length_95_cov_104.166667	1	95	7	95	100	5	33.2	14
NODE_840_length_95_cov_92.722222	1	95	8	95	100	5.94737	35.9	19.8
NODE_841_length_95_cov_76.277778	1	95	10	95	100	7.01053	33.7	0
NODE_842_length_95_cov_73.055556	1	95	3	91	95.7895	2.65263	31.8	0
NODE_843_length_95_cov_61.055556	1	95	26	94	98.9474	19.4211	34	7.19
NODE_844_length_95_cov_56.166667	1	95	7	95	100	5.50526	34	8.57
NODE_845_length_95_cov_41.888889	1	95	1	39	41.0526	0.410526	36.3	0
NODE_846_length_95_cov_28.111111	1	95	9	95	100	6.09474	33	4.67
NODE_847_length_94_cov_2016.647059	1	94	9	93	98.9362	5.98936	35.1	2
NODE_848_length_94_cov_548.352941	1	94	2	81	86.1702	1.61702	30.8	24
NODE_849_length_94_cov_466.235294	1	94	32	94	100	26.7128	35.2	17.9
NODE_850_length_94_cov_288.764706	1	94	6	88	93.617	4.2234	33.8	0
NODE_851_length_94_cov_282.176471	1	94	7	94	100	5.88298	33.6	32.3
NODE_852_length_94_cov_181.411765	1	94	3	79	84.0426	1.90426	27.2	1.33
NODE_854_length_94_cov_159.588235	1	94	7	94	100	6.03191	35.4	27.3
NODE_855_length_94_cov_152.470588	1	94	8	86	91.4894	5.20213	34.2	7
NODE_856_length_94_cov_112.764706	1	94	24	94	100	10.9787	32.9	0.75
NODE_857_length_94_cov_85.529412	1	94	6	94	100	4.6383	31.5	8.83
NODE_858_length_94_cov_68.647059	1	94	4	65	69.1489	2.42553	35.4	0
NODE_859_length_93_cov_665.562500	1	93	58	93	100	50.9677	34.1	18.3
NODE_860_length_93_cov_414.437500	1	93	62	93	100	58.7634	33.9	19.6
NODE_861_length_93_cov_323.250000	1	93	32	93	100	22.2903	34.8	9.69
NODE_862_length_93_cov_282.187500	1	93	3	47	50.5376	1.26882	36.3	0
NODE_863_length_93_cov_78.812500	1	93	3	93	100	1.98925	31.5	0
NODE_864_length_93_cov_52.312500	1	93	6	93	100	3.15054	31.2	0
NODE_865_length_92_cov_3318.000000	1	92	14	91	98.913	11.0543	35.2	0
NODE_866_length_92_cov_2294.200000	1	92	12	92	100	8.93478	30.6	0.917
NODE_867_length_92_cov_2032.533333	1	92	36	92	100	28.0543	34.1	4.44
NODE_868_length_92_cov_1619.333333	1	92	8	79	85.8696	4.70652	35.4	0.625
NODE_869_length_92_cov_1206.600000	1	92	19	92	100	13.9239	34.9	0
NODE_870_length_92_cov_844.466667	1	92	37	92	100	20.3152	34.7	13.8
NODE_871_length_92_cov_783.466667	1	92	7	90	97.8261	5.30435	35.3	0
NODE_872_length_92_cov_687.333333	1	92	7	87	94.5652	4.16304	36	0
NODE_873_length_92_cov_635.666667	1	92	6	64	69.5652	2.96739	33	0
NODE_874_length_92_cov_625.200000	1	92	21	89	96.7391	15.1304	35	9.1
NODE_875_length_92_cov_565.000000	1	92	13	92	100	10.1848	32	22.4
NODE_876_length_92_cov_547.866667	1	92	23	92	100	19.2391	35	18.3
NODE_877_length_92_cov_530.066667	1	92	28	92	100	22.8478	35.1	12.7
NODE_878_length_92_cov_528.800000	1	92	4	81	88.0435	2.20652	35.4	0
NODE_879_length_92_cov_482.800000	1	92	17	92	100	11.5978	35.5	4.94
NODE_880_length_92_cov_468.133333	1	92	24	92	100	19.1304	35.1	18.3
NODE_881_length_92_cov_462.200000	1	92	5	87	94.5652	3.13043	34.8	0
NODE_882_length_92_cov_395.000000	1	92	9	92	100	6.29348	32	11.3
NODE_883_length_92_cov_365.333333	1	92	1	39	42.3913	0.423913	29.2	10
NODE_884_length_92_cov_358.666667	1	92	5	77	83.6957	2.90217	35.7	0
NODE_885_length_92_cov_337.133333	1	92	6	89	96.7391	4.76087	35.4	15.5
NODE_886_length_92_cov_316.533333	1	92	6	92	100	5.84783	35.5	33.3
NODE_887_length_92_cov_312.933333	1	92	17	92	100	12.8804	33.9	0
NODE_888_length_92_cov_305.666667	1	92	7	87	94.5652	5.41304	33.6	0
NODE_889_length_92_cov_297.066667	1	92	20	92	100	15.5326	32.8	2.15
NODE_890_length_92_cov_240.066667	1	92	15	92	100	8.68478	31.7	15.2
NODE_891_length_92_cov_221.200000	1	92	6	92	100	4	35.8	3
NODE_892_length_92_cov_175.200000	1	92	7	91	98.913	6.75	36.2	28.7
NODE_894_length_92_cov_126.266667	1	92	13	92	100	6.94565	33.8	3.54
NODE_895_length_92_cov_122.200000	1	92	7	66	71.7391	4.48913	34.3	0.857
NODE_897_length_92_cov_106.733333	1	92	3	92	100	2.93478	36.5	33.3
NODE_898_length_92_cov_106.533333	1	92	3	70	76.087	1.09783	36	0
NODE_899_length_92_cov_102.800000	1	92	8	58	63.0435	4.36957	32.4	18.8
NODE_900_length_92_cov_96.333333	1	92	3	91	98.913	2.65217	33	4.67
NODE_901_length_92_cov_70.066667	1	92	2	64	69.5652	1.3913	36.7	0
NODE_902_length_92_cov_56.200000	1	92	5	80	86.9565	3.51087	34	2
NODE_903_length_92_cov_44.733333	1	92	17	92	100	9.29348	34.8	21.6
NODE_904_length_92_cov_38.600000	1	92	8	92	100	6.13043	35.1	28
NODE_905_length_92_cov_37.066667	1	92	1	33	35.8696	0.358696	36.6	0
NODE_906_length_92_cov_37.066667	1	92	6	92	100	4.43478	34.3	29.7
NODE_907_length_92_cov_35.933333	1	92	2	88	95.6522	1.8913	36.8	46.5
NODE_908_length_91_cov_429.857143	1	91	45	91	100	35.0549	35	11.2
NODE_909_length_91_cov_277.214286	1	91	18	91	100	15.7692	34.7	23.6
NODE_910_length_91_cov_276.928571	1	91	2	70	76.9231	1.46154	30.6	42.5
NODE_911_length_91_cov_156.428571	1	91	3	91	100	2.52747	34.6	16.3
NODE_912_length_91_cov_145.214286	1	91	4	84	92.3077	3.49451	36.8	0
NODE_913_length_91_cov_135.285714	1	91	2	80	87.9121	1.28571	34.5	0
NODE_914_length_91_cov_101.571429	1	91	5	91	100	2.92308	33.2	1.8
NODE_915_length_90_cov_4464.461538	1	90	56	87	96.6667	42.1111	33.1	2.2
NODE_916_length_90_cov_1564.384615	1	90	12	90	100	9.7	34.6	0
NODE_917_length_90_cov_452.769231	1	90	10	90	100	8.38889	35.3	12.3
NODE_918_length_90_cov_417.846154	1	90	43	90	100	38.8333	32.8	10.7
NODE_919_length_90_cov_397.923077	1	90	19	90	100	16.8222	34.6	24.3
NODE_920_length_90_cov_355.769231	1	90	12	90	100	10.2556	33.5	14.1
NODE_921_length_90_cov_337.307692	1	90	4	82	91.1111	3.08889	31.6	6.5
NODE_922_length_90_cov_331.076923	1	90	7	88	97.7778	6.2	35.2	3.43
NODE_923_length_90_cov_311.846154	1	90	45	89	98.8889	22.8889	35.2	24.4
NODE_924_length_90_cov_203.615385	1	90	44	90	100	33.2111	35.2	20.2
NODE_925_length_90_cov_160.923077	1	90	2	81	90	1.8	36.1	0
NODE_926_length_90_cov_133.000000	1	90	21	86	95.5556	7.76667	35.9	1.67
NODE_927_length_90_cov_97.076923	1	90	3	64	71.1111	1.65556	36.2	0
NODE_928_length_90_cov_77.230769	1	90	7	90	100	4.73333	33.4	17.1
NODE_929_length_90_cov_69.538462	1	90	13	90	100	6.32222	34	1.38
NODE_930_length_89_cov_4457.500000	1	89	58	89	100	42.5169	35.4	3.83
NODE_931_length_89_cov_2837.500000	1	89	7	76	85.3933	3.78652	34.7	0
NODE_932_length_89_cov_2518.083333	1	89	9	89	100	6.48315	32.1	0.889
NODE_933_length_89_cov_1749.833333	1	89	50	89	100	36.9551	34.7	13.2
NODE_934_length_89_cov_1448.416667	1	89	10	84	94.382	7.32584	35.4	0
NODE_935_length_89_cov_1250.333333	1	89	77	89	100	60.2022	35.1	9.44
NODE_936_length_89_cov_1228.333333	1	89	29	89	100	24.8989	35.8	11.8
NODE_937_length_89_cov_1133.000000	1	89	2	85	95.5056	1.91011	36.9	0
NODE_938_length_89_cov_1107.000000	1	89	7	84	94.382	5.34831	31.7	3.29
NODE_939_length_89_cov_983.416667	1	89	2	76	85.3933	1.19101	37	0
NODE_940_length_89_cov_842.000000	1	89	3	59	66.2921	1.42697	35.1	0
NODE_941_length_89_cov_725.750000	1	89	57	85	95.5056	44.1236	35.1	14.9
NODE_942_length_89_cov_649.500000	1	89	45	89	100	32.7303	34.5	9.98
NODE_943_length_89_cov_619.833333	1	89	4	64	71.9101	2.49438	36.7	0
NODE_944_length_89_cov_564.833333	1	89	3	55	61.7978	1.34831	35.9	0
NODE_946_length_89_cov_450.416667	1	89	1	89	100	1	27.8	0
NODE_947_length_89_cov_378.083333	1	89	5	85	95.5056	4.46067	34.3	19.2
NODE_949_length_89_cov_346.000000	1	89	40	89	100	30.7528	35.4	2.35
NODE_950_length_89_cov_333.833333	1	89	7	89	100	6.02247	36.1	3.14
NODE_951_length_89_cov_302.500000	1	89	9	88	98.8764	5.19101	36	0
NODE_952_length_89_cov_302.166667	1	89	1	37	41.573	0.41573	22.4	0
NODE_953_length_89_cov_300.250000	1	89	5	85	95.5056	3.89888	36.8	0
NODE_954_length_89_cov_278.833333	1	89	7	89	100	5.03371	35.3	6.57
NODE_955_length_89_cov_266.750000	1	89	1	64	71.9101	0.719101	36.6	0
NODE_956_length_89_cov_251.750000	1	89	9	89	100	7.73034	35.8	33.8
NODE_957_length_89_cov_242.416667	1	89	11	89	100	8.59551	33.8	2.18
NODE_958_length_89_cov_242.000000	1	89	8	75	84.2697	5.30337	33.2	0
NODE_959_length_89_cov_234.333333	1	89	11	74	83.1461	6.40449	33	0.636
NODE_960_length_89_cov_223.083333	1	89	3	86	96.6292	2.35955	35	32.7
NODE_961_length_89_cov_204.916667	1	89	11	83	93.2584	8.41573	31.8	21.5
NODE_962_length_89_cov_203.500000	1	89	41	89	100	35.5281	34.3	15.3
NODE_963_length_89_cov_198.666667	1	89	27	78	87.6404	18.9663	35.7	5.19
NODE_964_length_89_cov_168.250000	1	89	3	83	93.2584	2.73034	35.1	2.33
NODE_965_length_89_cov_144.333333	1	89	9	83	93.2584	6.49438	36.4	15
NODE_966_length_89_cov_138.750000	1	89	1	80	89.8876	0.898876	30	0
NODE_967_length_89_cov_138.333333	1	89	2	85	95.5056	1.88764	36.2	4
NODE_968_length_89_cov_137.500000	1	89	30	89	100	15.1798	34.5	3.03
NODE_969_length_89_cov_129.500000	1	89	9	69	77.5281	6.08989	35.4	0
NODE_970_length_89_cov_122.250000	1	89	2	59	66.2921	1	30.7	0
NODE_971_length_89_cov_120.750000	1	89	1	36	40.4494	0.404494	30	0
NODE_972_length_89_cov_114.083333	1	89	2	45	50.5618	0.921348	35.2	0
NODE_973_length_89_cov_112.000000	1	89	8	89	100	6.79775	34.7	20
NODE_974_length_89_cov_109.333333	1	89	8	85	95.5056	6.21348	34.6	7.75
NODE_975_length_89_cov_107.333333	1	89	5	89	100	4.48315	36.7	31
NODE_976_length_89_cov_106.083333	1	89	5	68	76.4045	2.34831	33.7	0
NODE_977_length_89_cov_59.666667	1	89	6	78	87.6404	3.40449	34.5	3.17
NODE_978_length_89_cov_55.083333	1	89	3	86	96.6292	1.67416	35.3	0
NODE_979_length_89_cov_46.666667	1	89	2	88	98.8764	1.73034	31	0
NODE_980_length_89_cov_43.083333	1	89	9	71	79.7753	5.85393	35.6	0
NODE_982_length_89_cov_42.166667	1	89	4	54	60.6742	1.46067	33.1	1.75
NODE_983_length_89_cov_31.416667	1	89	2	65	73.0337	1.23596	36.5	0
NODE_984_length_89_cov_30.500000	1	89	4	77	86.5169	3.10112	34.5	24.2
NODE_985_length_88_cov_1759.818182	1	88	10	83	94.3182	5.20455	36.8	0.3
NODE_986_length_88_cov_977.909091	1	88	19	88	100	10.25	35	16.5
NODE_987_length_88_cov_685.272727	1	88	44	88	100	37.375	33.3	10.9
NODE_988_length_88_cov_643.727273	1	88	42	88	100	38.3636	32.8	10.4
NODE_989_length_88_cov_364.090909	1	88	18	88	100	14.4773	33.4	7.11
NODE_990_length_88_cov_345.636364	1	88	5	86	97.7273	4.05682	36.2	17.6
NODE_991_length_88_cov_287.181818	1	88	1	42	47.7273	0.477273	27.7	0
NODE_992_length_88_cov_261.363636	1	88	26	88	100	19.9659	35.2	9.31
NODE_993_length_88_cov_197.272727	1	88	3	85	96.5909	2.38636	35.5	31
NODE_994_length_88_cov_161.818182	1	88	9	88	100	6.21591	31.3	10
NODE_995_length_88_cov_113.909091	1	88	4	74	84.0909	2.375	31.9	0
NODE_996_length_88_cov_80.000000	1	88	4	85	96.5909	3.13636	36.4	0
NODE_997_length_88_cov_43.454545	1	88	2	79	89.7727	1.79545	33.9	45
NODE_998_length_87_cov_372.500000	1	87	2	75	86.2069	1.10345	32.6	5.5
NODE_999_length_87_cov_190.700000	1	87	4	87	100	3.24138	32.5	0.5
NODE_1000_length_87_cov_178.400000	1	87	16	87	100	7.1954	35.4	13.4
NODE_1001_length_87_cov_142.400000	1	87	31	87	100	28.2184	34.5	11.1
NODE_1002_length_87_cov_117.800000	1	87	2	68	78.1609	1.56322	36.8	0
NODE_1003_length_87_cov_113.900000	1	87	4	80	91.954	1.71264	35.9	31.5
NODE_1004_length_87_cov_52.900000	1	87	2	54	62.069	1.10345	28.9	0
NODE_1005_length_87_cov_51.700000	1	87	4	54	62.069	1.74713	34.9	0
NODE_1006_length_87_cov_37.800000	1	87	2	76	87.3563	1.4023	32	26
NODE_1007_length_86_cov_9580.444444	1	86	18	86	100	13.6628	33.7	0
NODE_1008_length_86_cov_3755.777778	1	86	9	79	91.8605	6.11628	34.3	0.556
NODE_1009_length_86_cov_2183.333333	1	86	6	76	88.3721	4.03488	36.2	0
NODE_1010_length_86_cov_2000.888889	1	86	30	86	100	20.2558	35.5	0
NODE_1011_length_86_cov_1832.555556	1	86	30	85	98.8372	22.8372	33.3	1.43
NODE_1012_length_86_cov_1785.000000	1	86	3	68	79.0698	1.43023	35.9	0
NODE_1013_length_86_cov_1742.777778	1	86	161	86	100	117.802	35	0
NODE_1014_length_86_cov_1162.666667	1	86	7	67	77.907	4.32558	36.4	0
NODE_1015_length_86_cov_1086.888889	1	86	59	86	100	39.6279	35.2	5.36
NODE_1016_length_86_cov_1067.000000	1	86	107	86	100	81.1047	35.1	2.93
NODE_1017_length_86_cov_1013.444444	1	86	11	79	91.8605	8.06977	34.5	0.0909
NODE_1018_length_86_cov_885.888889	1	86	1	48	55.814	0.55814	34.1	0
NODE_1019_length_86_cov_726.444444	1	86	8	85	98.8372	5.80233	36.8	2.75
NODE_1020_length_86_cov_702.222222	1	86	10	81	94.186	8.36047	35.3	13.2
NODE_1021_length_86_cov_681.111111	1	86	20	86	100	14.093	35.3	20.1
NODE_1022_length_86_cov_652.222222	1	86	8	77	89.5349	4.23256	33.8	7.5
NODE_1023_length_86_cov_638.888889	1	86	5	68	79.0698	3.33721	31.8	0
NODE_1024_length_86_cov_593.444444	1	86	2	71	82.5581	1.24419	35.4	0
NODE_1025_length_86_cov_569.444444	1	86	6	62	72.093	3.84884	30.2	14.5
NODE_1026_length_86_cov_549.666667	1	86	12	86	100	8.22093	34.3	14.2
NODE_1027_length_86_cov_459.222222	1	86	7	85	98.8372	5.39535	34.9	0
NODE_1028_length_86_cov_451.333333	1	86	3	62	72.093	1.84884	36.8	0
NODE_1029_length_86_cov_412.777778	1	86	9	81	94.186	5.94186	33.5	10.7
NODE_1030_length_86_cov_404.777778	1	86	20	86	100	14.3488	33.2	10.9
NODE_1031_length_86_cov_401.777778	1	86	15	86	100	8.09302	34.3	6.2
NODE_1032_length_86_cov_397.000000	1	86	72	86	100	69.186	33.4	4.32
NODE_1033_length_86_cov_393.222222	1	86	1	36	41.8605	0.418605	37	0
NODE_1034_length_86_cov_391.888889	1	86	4	75	87.2093	2.02326	29.3	0
NODE_1035_length_86_cov_356.222222	1	86	5	86	100	3.51163	36	2.4
NODE_1036_length_86_cov_352.777778	1	86	1	43	50	0.5	25.9	0
NODE_1038_length_86_cov_302.888889	1	86	57	86	100	42.7674	35.4	0
NODE_1039_length_86_cov_300.888889	1	86	53	86	100	38.1628	35.2	15.4
NODE_1041_length_86_cov_247.222222	1	86	25	86	100	15.7791	35.9	6.48
NODE_1042_length_86_cov_221.000000	1	86	8	86	100	4.59302	34.2	18.4
NODE_1043_length_86_cov_199.777778	1	86	7	86	100	5.74419	35.8	15.4
NODE_1044_length_86_cov_195.333333	1	86	1	52	60.4651	0.604651	30.4	0
NODE_1045_length_86_cov_161.888889	1	86	2	80	93.0233	1.47674	35.3	0
NODE_1046_length_86_cov_157.000000	1	86	5	86	100	4.19767	34.4	0.4
NODE_1047_length_86_cov_150.444444	1	86	4	86	100	3.06977	36.6	0
NODE_1048_length_86_cov_135.888889	1	86	4	86	100	2.19767	30.2	2.5
NODE_1049_length_86_cov_132.555556	1	86	4	77	89.5349	2.45349	35.5	0
NODE_1051_length_86_cov_122.111111	1	86	2	59	68.6047	1.37209	28.5	0
NODE_1052_length_86_cov_114.444444	1	86	26	85	98.8372	18.2674	34.2	24.4
NODE_1053_length_86_cov_110.666667	1	86	7	86	100	5.81395	36.4	16
NODE_1054_length_86_cov_104.222222	1	86	5	86	100	3.84884	33.1	4.2
NODE_1055_length_86_cov_101.333333	1	86	5	81	94.186	4.22093	33	33.2
NODE_1056_length_86_cov_99.444444	1	86	8	86	100	4.77907	35.9	1.12
NODE_1057_length_86_cov_90.000000	1	86	1	57	66.2791	0.662791	36.8	0
NODE_1058_length_86_cov_59.888889	1	86	1	64	74.4186	0.744186	36	0
NODE_1059_length_86_cov_48.555556	1	86	2	62	72.093	1.43023	36.7	0
NODE_1060_length_86_cov_34.444444	1	86	7	86	100	5.88372	33.4	13.3
NODE_1061_length_85_cov_1352.375000	1	85	3	80	94.1176	2.65882	32	0
NODE_1062_length_85_cov_636.000000	1	85	30	85	100	16.9412	33.3	6.83
NODE_1063_length_85_cov_609.375000	1	85	1	67	78.8235	0.788235	29.8	0
NODE_1064_length_85_cov_497.250000	1	85	12	85	100	8.16471	35.5	10.6
NODE_1065_length_85_cov_378.000000	1	85	46	85	100	35.5412	34.7	17
NODE_1066_length_85_cov_349.250000	1	85	7	84	98.8235	3.51765	31.5	0.286
NODE_1067_length_85_cov_329.625000	1	85	32	84	98.8235	26.5882	33.2	5.44
NODE_1068_length_85_cov_312.125000	1	85	42	75	88.2353	31	33.9	14
NODE_1069_length_85_cov_203.125000	1	85	13	85	100	10.7765	34.4	1.08
NODE_1070_length_85_cov_113.125000	1	85	1	45	52.9412	0.529412	37	0
NODE_1071_length_85_cov_66.500000	1	85	4	42	49.4118	1.89412	33.7	9.25
NODE_1072_length_84_cov_2003.857143	1	84	17	84	100	10.3333	33.8	0.353
NODE_1073_length_84_cov_1910.571429	1	84	83	84	100	54.2381	34.1	12.6
NODE_1074_length_84_cov_1452.142857	1	84	31	84	100	27.5238	34.9	0.0968
NODE_1075_length_84_cov_1444.000000	1	84	3	84	100	1.44048	32.9	0
NODE_1076_length_84_cov_721.857143	1	84	116	84	100	92.6071	34	0.517
NODE_1077_length_84_cov_270.285714	1	84	2	62	73.8095	0.821429	32.4	30
NODE_1079_length_84_cov_186.000000	1	84	1	53	63.0952	0.630952	36.5	0
NODE_1080_length_84_cov_179.285714	1	84	4	68	80.9524	2.5119	26.7	5
NODE_1081_length_84_cov_164.571429	1	84	28	83	98.8095	21.7976	33.6	4.93
NODE_1082_length_84_cov_44.000000	1	84	1	35	41.6667	0.416667	35.2	0
NODE_1083_length_83_cov_10721.500000	1	83	26	82	98.7952	17.4819	34.4	0.154
NODE_1084_length_83_cov_7726.333333	1	83	154	83	100	100.06	34.8	8.77
NODE_1086_length_83_cov_2955.666667	1	83	39	83	100	30.3855	34.1	6.69
NODE_1087_length_83_cov_2661.833333	1	83	2	69	83.1325	1.33735	30.2	0
NODE_1088_length_83_cov_2408.333333	1	83	5	83	100	4.10843	33.7	0
NODE_1089_length_83_cov_2336.333333	1	83	6	74	89.1566	3.49398	35.5	0
NODE_1090_length_83_cov_1487.666667	1	83	2	54	65.0602	1.10843	31.3	0
NODE_1091_length_83_cov_1299.500000	1	83	11	82	98.7952	8.44578	34.1	6.36
NODE_1092_length_83_cov_1270.000000	1	83	12	83	100	9.93976	35	0
NODE_1093_length_83_cov_1103.833333	1	83	6	73	87.9518	3.85542	35	0
NODE_1094_length_83_cov_1017.166667	1	83	102	83	100	70.5904	35.1	19.4
NODE_1095_length_83_cov_973.166667	1	83	4	59	71.0843	2.10843	35.6	0
NODE_1096_length_83_cov_869.166667	1	83	20	83	100	14.6747	33.1	0.4
NODE_1097_length_83_cov_756.333333	1	83	5	81	97.5904	3.75904	34.6	4.4
NODE_1098_length_83_cov_710.666667	1	83	7	83	100	5.87952	36.5	5.43
NODE_1099_length_83_cov_571.666667	1	83	31	83	100	22.9759	34.1	0.161
NODE_1100_length_83_cov_528.500000	1	83	5	77	92.7711	3.0241	32.8	0
NODE_1101_length_83_cov_528.500000	1	83	9	62	74.6988	4.6747	31	7.22
NODE_1103_length_83_cov_463.833333	1	83	4	79	95.1807	2.68675	31.3	0
NODE_1104_length_83_cov_418.500000	1	83	10	83	100	7.72289	34.2	6.3
NODE_1106_length_83_cov_380.000000	1	83	1	44	53.012	0.53012	35.5	0
NODE_1107_length_83_cov_375.833333	1	83	4	82	98.7952	3.95181	36.6	32
NODE_1108_length_83_cov_354.000000	1	83	2	68	81.9277	1.62651	36.9	0
NODE_1109_length_83_cov_349.166667	1	83	20	83	100	15.253	34	2.85
NODE_1110_length_83_cov_344.166667	1	83	5	79	95.1807	3.63855	34.3	4
NODE_1113_length_83_cov_216.000000	1	83	6	73	87.9518	3.22892	36.9	0
NODE_1114_length_83_cov_216.000000	1	83	2	44	53.012	0.927711	36	0
NODE_1116_length_83_cov_211.500000	1	83	3	77	92.7711	2.3494	24.9	0
NODE_1117_length_83_cov_185.333333	1	83	14	83	100	9.49398	35.6	10.7
NODE_1118_length_83_cov_182.666667	1	83	9	76	91.5663	6.59036	32.9	0
NODE_1119_length_83_cov_156.833333	1	83	7	74	89.1566	4.49398	36.3	1.14
NODE_1120_length_83_cov_152.833333	1	83	12	77	92.7711	7.56627	35.9	0
NODE_1121_length_83_cov_151.500000	1	83	2	54	65.0602	1.28916	36.5	0
NODE_1123_length_84_cov_107.833333	1	84	12	84	100	8.80952	33.3	9.25
NODE_1124_length_83_cov_107.666667	1	83	16	83	100	12.8434	34	7.31
NODE_1125_length_83_cov_94.833333	1	83	9	77	92.7711	6.22892	35	0
NODE_1128_length_83_cov_65.500000	1	83	7	83	100	4.68675	33.4	11.4
NODE_1129_length_83_cov_62.500000	1	83	1	65	78.3133	0.783133	32	0
NODE_1131_length_83_cov_55.166667	1	83	5	80	96.3855	2.89157	34.8	0
NODE_1132_length_83_cov_53.500000	1	83	1	38	45.7831	0.457831	35.4	0
NODE_1133_length_83_cov_53.333333	1	83	2	40	48.1928	0.86747	36.8	0
NODE_1135_length_83_cov_48.333333	1	83	1	56	67.4699	0.674699	29.2	0
NODE_1136_length_83_cov_47.666667	1	83	5	76	91.5663	3.07229	33.4	0
NODE_1137_length_83_cov_46.166667	1	83	2	67	80.7229	1.20482	32.3	0
NODE_1138_length_82_cov_44.833333	1	82	1	56	68.2927	0.682927	27.2	60
NODE_1139_length_83_cov_26.166667	1	83	1	74	89.1566	0.891566	29.1	0
NODE_1140_length_82_cov_10381.200000	1	82	18	82	100	12.8049	34.3	0.222
NODE_1141_length_82_cov_1236.200000	1	82	6	82	100	3.73171	36.5	0.167
NODE_1142_length_82_cov_479.800000	1	82	2	78	95.122	1.87805	27.6	14.5
NODE_1143_length_82_cov_340.800000	1	82	4	76	92.6829	2.2439	36.7	0
NODE_1144_length_82_cov_336.000000	1	82	5	82	100	2.58537	31.2	0
NODE_1145_length_82_cov_245.400000	1	82	2	58	70.7317	1.41463	34.9	0
NODE_1146_length_82_cov_129.200000	1	82	1	38	46.3415	0.463415	37	0
NODE_1147_length_82_cov_126.600000	1	82	6	82	100	3.95122	32	5.83
NODE_1148_length_82_cov_120.400000	1	82	1	64	78.0488	0.780488	36.6	0
NODE_1150_length_82_cov_79.600000	1	82	5	82	100	4.76829	34.8	5.4
NODE_1151_length_81_cov_10112.000000	1	81	6	61	75.3086	3.60494	36.5	0
NODE_1152_length_81_cov_2256.750000	1	81	16	81	100	9.46914	33.8	1.19
NODE_1153_length_81_cov_2157.250000	1	81	9	81	100	7.01235	33.3	0.556
NODE_1154_length_81_cov_1315.500000	1	81	15	80	98.7654	10.5802	34.8	0
NODE_1155_length_81_cov_727.500000	1	81	16	81	100	11.0864	34.8	1.69
NODE_1156_length_81_cov_474.500000	1	81	4	69	85.1852	2.2716	27.6	8
NODE_1157_length_81_cov_452.750000	1	81	1	48	59.2593	0.592593	36.5	0
NODE_1158_length_81_cov_243.000000	1	81	3	65	80.2469	2.03704	34.3	0
NODE_1159_length_81_cov_223.000000	1	81	3	70	86.4198	1.83951	36.4	0
NODE_1160_length_80_cov_7495.333333	1	80	20	71	88.75	9.5	32.7	2.4
NODE_1161_length_80_cov_2032.333333	1	80	13	78	97.5	10.6125	35.1	0
NODE_1162_length_80_cov_1872.333333	1	80	5	78	97.5	3.85	30.5	0
NODE_1163_length_80_cov_1754.333333	1	80	5	80	100	2.8625	35.3	0.6
NODE_1164_length_80_cov_1501.666667	1	80	5	78	97.5	4.275	29.5	0
NODE_1165_length_80_cov_1287.000000	1	80	1	73	91.25	0.9125	36.2	0
NODE_1166_length_80_cov_1184.666667	1	80	1	48	60	0.6	37	0
NODE_1167_length_80_cov_1093.000000	1	80	4	79	98.75	2.4	31.4	1.5
NODE_1168_length_80_cov_1092.666667	1	80	7	75	93.75	5.1	33.7	0
NODE_1169_length_80_cov_1090.333333	1	80	2	75	93.75	1.0375	36.9	0
NODE_1170_length_80_cov_1012.333333	1	80	3	75	93.75	1.825	34.9	0
NODE_1171_length_80_cov_918.333333	1	80	4	80	100	3.0125	36.9	6.25
NODE_1172_length_80_cov_878.333333	1	80	2	77	96.25	1.625	32.6	1.5
NODE_1173_length_80_cov_702.000000	1	80	25	80	100	17.825	33.6	0.4
NODE_1174_length_80_cov_650.666667	1	80	1	57	71.25	0.7125	32.2	0
NODE_1176_length_80_cov_608.666667	1	80	2	62	77.5	1.5125	35.9	0
NODE_1177_length_80_cov_498.333333	1	80	2	72	90	1.6875	31.7	0
NODE_1178_length_80_cov_456.333333	1	80	8	79	98.75	5.55	33.5	1.5
NODE_1179_length_80_cov_453.666667	1	80	20	80	100	13.775	34.1	15.2
NODE_1180_length_80_cov_447.333333	1	80	6	80	100	3.9	29.1	12.7
NODE_1181_length_80_cov_439.333333	1	80	7	77	96.25	3.9625	36.1	0
NODE_1182_length_80_cov_428.666667	1	80	1	47	58.75	0.5875	36.7	0
NODE_1183_length_80_cov_386.000000	1	80	5	80	100	4.3625	35.7	11.6
NODE_1184_length_80_cov_380.666667	1	80	2	74	92.5	1.6625	29	0
NODE_1185_length_80_cov_377.333333	1	80	1	79	98.75	0.9875	37	0
NODE_1186_length_80_cov_368.666667	1	80	1	41	51.25	0.5125	35.5	0
NODE_1187_length_80_cov_359.000000	1	80	2	74	92.5	1.85	36.6	0
NODE_1188_length_80_cov_336.333333	1	80	24	80	100	16.5625	34.4	0
NODE_1189_length_80_cov_321.666667	1	80	1	48	60	0.6	26.6	0
NODE_1190_length_80_cov_303.333333	1	80	7	67	83.75	4.55	34.1	3.86
NODE_1191_length_80_cov_297.000000	1	80	3	72	90	2.2625	34.9	0
NODE_1192_length_80_cov_222.666667	1	80	2	66	82.5	1.3	33.4	0.5
NODE_1193_length_80_cov_204.333333	1	80	3	74	92.5	1.6875	34.9	0
NODE_1194_length_80_cov_201.333333	1	80	4	71	88.75	3.225	34.6	0
NODE_1195_length_80_cov_194.666667	1	80	10	80	100	6.8375	33.8	13.2
NODE_1196_length_80_cov_192.333333	1	80	2	60	75	1.5	36.7	0
NODE_1197_length_80_cov_183.333333	1	80	58	80	100	44.85	35.2	0
NODE_1198_length_80_cov_181.333333	1	80	5	80	100	2.95	34.9	4
NODE_1199_length_80_cov_181.000000	1	80	6	77	96.25	4.1125	36.8	4.33
NODE_1200_length_80_cov_174.666667	1	80	2	57	71.25	1.425	36.8	0
NODE_1201_length_80_cov_160.333333	1	80	2	74	92.5	1.325	27.9	0
NODE_1202_length_80_cov_141.000000	1	80	14	77	96.25	9.9375	34.2	0.143
NODE_1203_length_80_cov_130.666667	1	80	1	58	72.5	0.725	37	0
NODE_1204_length_80_cov_128.666667	1	80	9	78	97.5	6.1375	34.9	0
NODE_1205_length_80_cov_123.666667	1	80	1	48	60	0.6	33.8	13
NODE_1206_length_80_cov_122.000000	1	80	7	80	100	5.3875	36	0.571
NODE_1207_length_80_cov_113.000000	1	80	2	74	92.5	1.35	29.4	0
NODE_1208_length_80_cov_97.666667	1	80	7	68	85	5.3125	36.7	0
NODE_1210_length_80_cov_85.000000	1	80	1	67	83.75	0.8375	36.8	2
NODE_1211_length_80_cov_84.666667	1	80	3	80	100	2.2	29	14
NODE_1212_length_80_cov_84.000000	1	80	6	78	97.5	4.7375	31.9	0.667
NODE_1213_length_80_cov_76.000000	1	80	4	58	72.5	2.7125	34.8	0
NODE_1214_length_80_cov_76.000000	1	80	38	80	100	33.3	34.6	2.55
NODE_1215_length_80_cov_47.000000	1	80	7	80	100	5.8125	35.1	0.571
NODE_1216_length_80_cov_45.666667	1	80	1	51	63.75	0.6375	24.7	0
NODE_1218_length_80_cov_40.333333	1	80	8	80	100	5.35	35.1	0
NODE_1219_length_80_cov_38.000000	1	80	21	80	100	11.5125	34.8	39.1
NODE_1220_length_80_cov_34.000000	1	80	11	79	98.75	7.1125	36.6	3.27
NODE_1223_length_79_cov_1542.000000	1	79	10	79	100	4.88608	31	0.9
NODE_1224_length_79_cov_1313.000000	1	79	12	79	100	9.49367	35.1	0
NODE_1225_length_79_cov_1290.000000	1	79	26	79	100	24.6329	34.8	1.42
NODE_1226_length_79_cov_963.500000	1	79	40	79	100	31.1519	34	3.77
NODE_1227_length_79_cov_819.000000	1	79	1	51	64.557	0.64557	36.5	0
NODE_1228_length_79_cov_739.000000	1	79	20	65	82.2785	13.6329	36	0
NODE_1229_length_79_cov_442.000000	1	79	16	79	100	12.0759	33.8	0
NODE_1230_length_79_cov_432.000000	1	79	2	68	86.0759	1.62025	33.8	0
NODE_1231_length_79_cov_333.000000	1	79	1	65	82.2785	0.822785	34.6	0
NODE_1232_length_79_cov_332.500000	1	79	3	79	100	2	34.4	0
NODE_1233_length_79_cov_300.500000	1	79	1	75	94.9367	0.949367	36.3	0
NODE_1234_length_79_cov_290.500000	1	79	30	79	100	26.6076	34.9	17.7
NODE_1235_length_79_cov_272.500000	1	79	3	75	94.9367	2.02532	36.9	1.33
NODE_1236_length_79_cov_271.000000	1	79	9	79	100	8.18987	34.9	0
NODE_1237_length_79_cov_222.000000	1	79	10	79	100	6.11392	34	0
NODE_1238_length_79_cov_188.500000	1	79	7	77	97.4684	4.22785	34.2	0
NODE_1240_length_79_cov_144.500000	1	79	1	38	48.1013	0.481013	27.2	0
NODE_1241_length_79_cov_132.000000	1	79	1	68	86.0759	0.860759	27.8	0
NODE_1242_length_79_cov_122.000000	1	79	5	79	100	2.98734	35.3	0
NODE_1244_length_79_cov_116.000000	1	79	1	65	82.2785	0.822785	27.5	0
NODE_1245_length_79_cov_108.500000	1	79	5	51	64.557	3.12658	36.2	0
NODE_1246_length_79_cov_107.000000	1	79	1	78	98.7342	0.987342	24.2	0
NODE_1247_length_79_cov_90.500000	1	79	2	59	74.6835	1.46835	35.8	0
NODE_1248_length_79_cov_67.000000	1	79	11	78	98.7342	8.49367	33.8	0
NODE_1249_length_79_cov_63.000000	1	79	13	77	97.4684	9.79747	33.6	0
NODE_1250_length_79_cov_45.000000	1	79	2	60	75.9494	1.50633	31.1	0
NODE_1252_length_79_cov_42.500000	1	79	7	79	100	5.87342	35	0
NODE_1253_length_79_cov_30.000000	1	79	1	58	73.4177	0.734177	28.9	0
NODE_1254_length_78_cov_15719.000000	1	78	10	78	100	6.82051	30.4	0
NODE_1255_length_78_cov_1707.000000	1	78	2	42	53.8462	0.961538	32.6	0
NODE_1256_length_78_cov_1061.000000	1	78	47	78	100	35.1795	34.7	0
NODE_1257_length_78_cov_952.000000	1	78	5394	78	100	3327.68	33.3	0.0336
NODE_1258_length_78_cov_907.000000	1	78	1	32	41.0256	0.410256	34.2	0
NODE_1259_length_78_cov_799.000000	1	78	108	78	100	96.9872	34.8	20.8
NODE_1260_length_78_cov_756.000000	1	78	6	71	91.0256	4.89744	34.1	0
NODE_1261_length_78_cov_423.000000	1	78	15	75	96.1538	13.3077	34.8	13
NODE_1262_length_78_cov_403.000000	1	78	9	78	100	6.78205	35.5	0
NODE_1263_length_78_cov_397.000000	1	78	14	78	100	11.8974	34.1	0
NODE_1264_length_78_cov_346.000000	1	78	5	78	100	3.76923	32.4	0
NODE_1265_length_78_cov_341.000000	1	78	20	78	100	16.8718	35.2	1.35
NODE_1266_length_78_cov_265.000000	1	78	3	58	74.359	1.91026	35.5	0
NODE_1267_length_78_cov_218.000000	1	78	6	69	88.4615	3.70513	35.1	0
NODE_1268_length_78_cov_196.000000	1	78	2	77	98.7179	1	36.1	0
NODE_1269_length_78_cov_119.000000	1	78	4	78	100	3.34615	33.2	10.8
NODE_612_length_119_cov_191.952381	1	119	0	0	0	0	0	0
NODE_658_length_111_cov_64.676471	1	111	0	0	0	0	0	0
NODE_684_length_107_cov_137.466667	1	107	0	0	0	0	0	0
NODE_698_length_105_cov_7.678571	1	105	0	0	0	0	0	0
NODE_783_length_98_cov_134.476190	1	98	0	0	0	0	0	0
NODE_788_length_98_cov_72.666667	1	98	0	0	0	0	0	0
NODE_805_length_97_cov_56.100000	1	97	0	0	0	0	0	0
NODE_853_length_94_cov_173.000000	1	94	0	0	0	0	0	0
NODE_893_length_92_cov_139.333333	1	92	0	0	0	0	0	0
NODE_896_length_92_cov_111.733333	1	92	0	0	0	0	0	0
NODE_945_length_89_cov_470.083333	1	89	0	0	0	0	0	0
NODE_948_length_89_cov_358.583333	1	89	0	0	0	0	0	0
NODE_981_length_89_cov_43.000000	1	89	0	0	0	0	0	0
NODE_1037_length_86_cov_343.222222	1	86	0	0	0	0	0	0
NODE_1040_length_86_cov_287.333333	1	86	0	0	0	0	0	0
NODE_1050_length_86_cov_122.777778	1	86	0	0	0	0	0	0
NODE_1078_length_84_cov_188.857143	1	84	0	0	0	0	0	0
NODE_1085_length_83_cov_5517.833333	1	83	0	0	0	0	0	0
NODE_1102_length_83_cov_503.000000	1	83	0	0	0	0	0	0
NODE_1105_length_83_cov_402.166667	1	83	0	0	0	0	0	0
NODE_1111_length_83_cov_266.333333	1	83	0	0	0	0	0	0
NODE_1112_length_83_cov_253.500000	1	83	0	0	0	0	0	0
NODE_1115_length_83_cov_214.333333	1	83	0	0	0	0	0	0
NODE_1122_length_83_cov_108.166667	1	83	0	0	0	0	0	0
NODE_1126_length_83_cov_82.333333	1	83	0	0	0	0	0	0
NODE_1127_length_83_cov_68.666667	1	83	0	0	0	0	0	0
NODE_1130_length_83_cov_55.333333	1	83	0	0	0	0	0	0
NODE_1134_length_83_cov_52.833333	1	83	0	0	0	0	0	0
NODE_1149_length_82_cov_95.800000	1	82	0	0	0	0	0	0
NODE_1175_length_80_cov_645.666667	1	80	0	0	0	0	0	0
NODE_1209_length_80_cov_91.000000	1	80	0	0	0	0	0	0
NODE_1217_length_80_cov_44.000000	1	80	0	0	0	0	0	0
NODE_1221_length_80_cov_33.666667	1	80	0	0	0	0	0	0
NODE_1222_length_80_cov_7.666667	1	80	0	0	0	0	0	0
NODE_1239_length_79_cov_183.500000	1	79	0	0	0	0	0	0
NODE_1243_length_79_cov_116.000000	1	79	0	0	0	0	0	0
NODE_1251_length_79_cov_42.500000	1	79	0	0	0	0	0	0
