#rname	startpos	endpos	numreads	covbases	coverage	meandepth	meanbaseq	meanmapq
NODE_1_length_1135593_cov_40.957521	1	1135593	832690	1135593	100	104.786	35.2	59.9
NODE_2_length_804112_cov_42.490005	1	804112	611420	804112	100	108.608	35.2	59.9
NODE_3_length_740418_cov_42.395271	1	740418	560625	740418	100	108.318	35.2	59.9
NODE_4_length_564992_cov_40.800517	1	564992	411991	564992	100	104.055	35.2	59.9
NODE_5_length_557717_cov_43.498865	1	557717	436321	557629	99.9842	111.668	35.2	59.8
NODE_6_length_544069_cov_41.067861	1	544069	400312	544069	100	105.094	35.2	59.9
NODE_7_length_521296_cov_41.255292	1	521296	384723	521296	100	105.341	35.2	59.9
NODE_8_length_476297_cov_41.468806	1	476297	354162	476297	100	106.272	35.1	59.9
NODE_9_length_402447_cov_42.711383	1	402447	307869	402447	100	109.329	35.1	59.9
NODE_10_length_368534_cov_40.780262	1	368534	268310	368534	100	104.074	35.2	59.9
NODE_11_length_362918_cov_43.458432	1	362918	281929	362918	100	110.985	35.2	59.9
NODE_12_length_353187_cov_42.588193	1	353187	269278	353187	100	108.914	35.2	59.9
NODE_13_length_337130_cov_42.541790	1	337130	256839	337130	100	108.83	35.1	59.9
NODE_14_length_327417_cov_41.745604	1	327417	244570	327417	100	106.837	35.1	59.9
NODE_15_length_294507_cov_42.578803	1	294507	225093	294507	100	109.228	35.1	59.9
NODE_16_length_287935_cov_41.650269	1	287935	214570	287935	100	106.627	35.1	59.9
NODE_17_length_284128_cov_40.897004	1	284128	207083	284128	100	104.207	35.2	59.9
NODE_18_length_238291_cov_42.234004	1	238291	181005	238291	100	108.441	35.1	59.9
NODE_19_length_230432_cov_44.075266	1	230432	181758	230432	100	112.738	35.1	59.9
NODE_20_length_228207_cov_42.943563	1	228207	175509	228207	100	109.796	35.2	59.9
NODE_21_length_209890_cov_45.195498	1	209890	170143	209890	100	115.686	35.2	59.8
NODE_22_length_188953_cov_44.523296	1	188953	150148	188953	100	113.46	35.2	59.9
NODE_23_length_185034_cov_42.668366	1	185034	141172	185034	100	109.029	35.2	59.9
NODE_24_length_178636_cov_41.453973	1	178636	132262	178636	100	105.949	35.1	59.9
NODE_25_length_166927_cov_40.697782	1	166927	121658	166927	100	103.978	35.2	59.7
NODE_26_length_158077_cov_42.272918	1	158077	119900	158077	100	108.42	35.1	59.8
NODE_27_length_134160_cov_40.933280	1	134160	98610	134160	100	105.062	35.1	59.9
NODE_28_length_118776_cov_40.886267	1	118776	86415	118776	100	104.055	35.2	59.9
NODE_29_length_96039_cov_41.607418	1	96039	72389	96039	100	107.438	35.1	59.9
NODE_30_length_91049_cov_43.784131	1	91049	71385	91049	100	112.09	35.1	59.9
NODE_31_length_88140_cov_42.573794	1	88140	66938	88140	100	108.447	35.2	59.9
NODE_32_length_83093_cov_41.848198	1	83093	62259	83093	100	107.03	35.1	59.9
NODE_33_length_78574_cov_46.055709	1	78574	68959	78574	100	122.044	35.1	57.8
NODE_34_length_70927_cov_44.124488	1	70927	56227	70927	100	112.933	35.2	59.4
NODE_35_length_58969_cov_42.526438	1	58969	44465	58956	99.978	107.656	35.2	59.7
NODE_36_length_58614_cov_43.319866	1	58614	45431	58614	100	110.691	35.1	59.9
NODE_37_length_46441_cov_51.390583	1	46441	39042	46441	100	119.293	35.1	58.9
NODE_38_length_38834_cov_40.637975	1	38834	28269	38749	99.7811	104.201	35.1	59.9
NODE_39_length_30133_cov_49.349947	1	30133	26835	30133	100	126.353	35.1	59.7
NODE_40_length_27745_cov_36.529709	1	27745	18202	27745	100	93.5915	35.2	59.8
NODE_41_length_26805_cov_578.404482	1	26805	276862	26805	100	1441.29	35.3	59.9
NODE_42_length_24533_cov_39.532303	1	24533	34759	24533	100	128.532	33.6	33.1
NODE_43_length_19522_cov_53.641039	1	19522	18950	19522	100	136.962	35.2	58.4
NODE_44_length_18442_cov_47.493057	1	18442	15743	18442	100	121.326	35.2	59.7
NODE_45_length_15682_cov_49.732073	1	15682	13832	15682	100	125.859	35.2	59.8
NODE_46_length_11376_cov_60.277635	1	11376	13448	11376	100	164.778	35	56.8
NODE_47_length_9834_cov_69.866557	1	9834	16972	9834	100	238.754	35.2	52.3
NODE_48_length_8443_cov_39.976811	1	8443	8069	8443	100	132.943	34.9	52.9
NODE_49_length_7946_cov_48.185030	1	7946	6796	7946	100	122.336	35.2	59.6
NODE_50_length_6342_cov_41.718436	1	6342	5198	6342	100	115.122	35.2	55
NODE_51_length_5830_cov_51.535894	1	5830	5356	5830	100	130.278	35.2	58.1
NODE_52_length_4289_cov_62.451330	1	4289	6326	4289	100	203.138	35.1	50.1
NODE_53_length_3802_cov_53.901477	1	3802	3656	3802	100	136.158	35.2	59.5
NODE_54_length_3799_cov_887.510478	1	3799	57547	3799	100	2149.37	35.1	59.7
NODE_55_length_2370_cov_66.754470	1	2370	3489	2370	100	207.528	35.1	51.5
NODE_56_length_2139_cov_831.848206	1	2139	30321	2139	100	2002.27	35.1	59.5
NODE_57_length_1834_cov_49.412066	1	1834	1582	1834	100	121.87	35.1	59.5
NODE_58_length_1754_cov_754.980322	1	1754	22938	1754	100	1834.05	35	59.5
NODE_59_length_1496_cov_128.884426	1	1496	3553	1496	100	331.551	34.5	36.7
NODE_60_length_1422_cov_47.891450	1	1422	1158	1422	100	115.53	35.2	58.4
NODE_61_length_1279_cov_178.979201	1	1279	5228	1279	100	576.689	34.9	47.1
NODE_62_length_1245_cov_844.963185	1	1245	17237	1245	100	1954.89	35.2	59.4
NODE_63_length_1223_cov_73.886562	1	1223	1598	1223	100	183.281	35.2	58.8
NODE_64_length_1084_cov_710.592850	1	1084	13081	1084	100	1708.27	35.3	57.8
NODE_65_length_1051_cov_84.895277	1	1051	1478	1051	100	197.928	35.3	59.4
NODE_66_length_994_cov_54.707743	1	994	1176	994	100	170.512	35.4	54.9
NODE_67_length_963_cov_69.707675	1	963	2187	963	100	322.899	34.7	51
NODE_68_length_926_cov_62.621908	1	926	1139	926	100	175.644	35.3	55
NODE_69_length_924_cov_1.220779	1	924	17	924	100	2.76732	35	60
NODE_70_length_917_cov_1.610714	1	917	20	917	100	3.2879	35.4	60
NODE_71_length_878_cov_1.364544	1	878	19	878	100	3.11162	34.7	60
NODE_72_length_876_cov_1.382979	1	876	22	876	100	3.69178	34.6	60
NODE_73_length_870_cov_48.525851	1	870	693	870	100	111.436	35.2	58.4
NODE_74_length_860_cov_74.605364	1	860	1604	860	100	231.68	35.2	40.6
NODE_75_length_843_cov_712.426893	1	843	9756	843	100	1617.84	35.1	59.4
NODE_76_length_771_cov_1.505764	1	771	21	771	100	3.71077	34.6	60
NODE_77_length_751_cov_99.298220	1	751	1183	751	100	221.706	35.2	59.1
NODE_78_length_749_cov_88.419643	1	749	1203	749	100	225.386	35.3	57.3
NODE_79_length_732_cov_72.203053	1	732	2663	732	100	502.492	34.9	46.2
NODE_80_length_725_cov_91.828704	1	725	3884	725	100	742.239	34.8	42
NODE_81_length_702_cov_1.508800	1	702	16	702	100	3.38319	34.8	60
NODE_82_length_687_cov_77.098361	1	687	870	687	100	177.374	35.4	57.3
NODE_83_length_635_cov_105.225806	1	635	1215	635	100	268.463	35.2	55.2
NODE_84_length_621_cov_0.770221	1	621	14	621	100	2.46538	35.1	57.1
NODE_85_length_620_cov_824.349908	1	620	7889	620	100	1780.46	35.1	59.3
NODE_86_length_599_cov_1.835249	1	599	17	599	100	4.22538	34.6	60
NODE_87_length_585_cov_1.513780	1	585	12	585	100	3.08889	35.6	60
NODE_88_length_582_cov_2.443564	1	582	18	582	100	4.50344	35.4	60
NODE_89_length_548_cov_1.237792	1	548	8	548	100	2.18978	36.1	60
NODE_90_length_546_cov_776.660981	1	546	6549	546	100	1673.04	35.1	58.8
NODE_91_length_543_cov_1.491416	1	543	16	543	100	3.96685	35.5	60
NODE_92_length_527_cov_1.500000	1	527	13	527	100	3.537	35.4	60
NODE_93_length_522_cov_66.853933	1	522	714	522	100	189.222	34.8	47.4
NODE_94_length_512_cov_265.158621	1	512	3492	512	100	910.852	34.5	47.4
NODE_95_length_512_cov_1.234483	1	512	10	512	100	2.94922	33.6	60
NODE_96_length_508_cov_1.468677	1	508	14	508	100	3.83661	34.5	60
NODE_97_length_503_cov_1.396714	1	503	10	503	100	3.00199	34.6	60
NODE_98_length_499_cov_1.668246	1	499	12	499	100	3.63126	34.8	60
NODE_99_length_495_cov_1.674641	1	495	14	495	100	3.57576	34.8	58.6
NODE_100_length_486_cov_1.652812	1	486	11	486	100	3.4177	34.6	60
NODE_101_length_485_cov_83.171569	1	485	635	485	100	181.693	34.9	58.8
NODE_102_length_475_cov_105.768844	1	475	726	475	100	213.526	35.5	59.5
NODE_103_length_465_cov_133.956186	1	465	988	465	100	290.187	35	55.8
NODE_104_length_458_cov_297.388451	1	458	5413	458	100	1660.78	34.8	50.8
NODE_105_length_456_cov_1.171504	1	456	6	456	100	1.98684	36	60
NODE_106_length_454_cov_0.981432	1	454	5	454	100	1.663	36.6	60
NODE_107_length_450_cov_1.608579	1	450	10	450	100	3.28667	35.6	60
NODE_108_length_449_cov_86.696237	1	449	579	449	100	180.002	35.2	59
NODE_109_length_445_cov_1.206522	1	445	8	445	100	2.71461	33.7	60
NODE_110_length_429_cov_0.840909	1	429	4	429	100	1.40793	36.3	60
NODE_111_length_429_cov_0.798295	1	429	8	429	100	2.48485	35	60
NODE_112_length_425_cov_79.885057	1	425	639	425	100	199.539	35.1	49.1
NODE_113_length_422_cov_1.402899	1	422	8	422	100	2.86256	34.7	60
NODE_114_length_416_cov_1.073746	1	416	6	416	100	2.09615	33.6	60
NODE_115_length_413_cov_85.342262	1	413	550	413	100	186.925	35.3	55.4
NODE_116_length_411_cov_0.808383	1	411	4	411	100	1.46959	33.7	60
NODE_117_length_406_cov_1.227964	1	406	6	406	100	2.13793	35.5	60
NODE_118_length_402_cov_92.156923	1	402	590	402	100	203.087	35.3	55.5
NODE_119_length_398_cov_1.012461	1	398	5	398	100	1.89698	34.7	60
NODE_120_length_396_cov_1.855799	1	396	8	396	100	3.05051	36	60
NODE_121_length_395_cov_0.933962	1	395	6	395	100	2.17468	34.6	60
NODE_122_length_389_cov_71.009615	1	389	392	389	100	140.103	35.1	59.4
NODE_123_length_388_cov_2.581994	1	388	12	388	100	4.58505	36.2	60
NODE_124_length_383_cov_694.542484	1	383	3798	383	100	1392.42	35.3	57
NODE_125_length_376_cov_700.464883	1	376	3793	376	100	1384.14	34.8	58.4
NODE_126_length_364_cov_1572.512195	1	364	7703	364	100	2814.38	34.8	53.4
NODE_127_length_364_cov_2.508711	1	364	14	364	100	4.51099	36.3	60
NODE_128_length_364_cov_1.574913	1	364	8	364	100	3.07692	35.6	60
NODE_129_length_360_cov_2.325088	1	360	49	360	100	10.5194	33.9	52.4
NODE_130_length_358_cov_1.053381	1	358	4	358	100	1.68715	35.4	60
NODE_131_length_357_cov_81.942857	1	357	411	357	100	159.325	34.9	58.2
NODE_132_length_356_cov_816.996416	1	356	4156	356	100	1611.38	34.8	58.6
NODE_133_length_356_cov_0.767025	1	356	3	356	100	1.27247	29.7	60
NODE_134_length_345_cov_81.451493	1	345	395	345	100	155.064	35.4	58.8
NODE_135_length_344_cov_2.464419	1	344	76	344	100	14.6192	35.6	40.1
NODE_136_length_343_cov_1133.827068	1	343	5239	343	100	2125.99	35	57.8
NODE_137_length_341_cov_159.075758	1	341	942	341	100	376.114	34.8	52.4
NODE_138_length_339_cov_1.541985	1	339	7	339	100	3.11799	34.1	60
NODE_139_length_338_cov_0.858238	1	338	8	338	100	2.86391	35.4	60
NODE_140_length_330_cov_1.837945	1	330	8	330	100	3.41818	35.2	60
NODE_141_length_329_cov_1.523810	1	329	6	329	100	2.7538	35.8	60
NODE_142_length_327_cov_2.504000	1	327	9	327	100	4.15596	35.6	60
NODE_143_length_322_cov_168.502041	1	322	724	322	100	314.64	35.2	58.3
NODE_144_length_318_cov_1.228216	1	318	4	318	100	1.89937	36.4	60
NODE_145_length_318_cov_1.087137	1	318	4	318	100	1.89623	35.9	60
NODE_146_length_312_cov_1.480851	1	312	6	312	100	2.90385	34.8	60
NODE_147_length_309_cov_813.663793	1	309	3373	309	100	1482.52	35	57.9
NODE_148_length_309_cov_1.163793	1	309	5	309	100	2.11974	36.6	60
NODE_149_length_307_cov_77.543478	1	307	340	307	100	152.993	35	53.9
NODE_150_length_307_cov_51.391304	1	307	194	307	100	86.4267	35.4	58
NODE_151_length_306_cov_0.965066	1	306	2	255	83.3333	0.986928	30.4	53
NODE_152_length_305_cov_114.969298	1	305	487	305	100	218.233	35.1	57.3
NODE_153_length_305_cov_2.333333	1	305	9	305	100	4.45574	35.5	60
NODE_154_length_305_cov_2.035088	1	305	7	305	100	3.28852	36.5	60
NODE_155_length_304_cov_1.920705	1	304	6	304	100	2.95395	35.9	60
NODE_156_length_301_cov_623.325893	1	301	3090	301	100	1396.28	35.2	45.7
NODE_157_length_299_cov_1.531532	1	299	5	299	100	2.52508	35.3	60
NODE_158_length_297_cov_2.218182	1	297	8	297	100	3.71717	36.8	60
NODE_159_length_294_cov_1.364055	1	294	4	294	100	2.05442	36.7	60
NODE_160_length_293_cov_86.273148	1	293	332	293	100	155.01	35.2	58.1
NODE_161_length_292_cov_1.376744	1	292	4	292	100	2.06849	36.5	60
NODE_162_length_291_cov_2.411215	1	291	9	291	100	4.40893	35.2	60
NODE_163_length_289_cov_1.419811	1	289	5	289	100	2.61246	34.9	60
NODE_164_length_289_cov_1.396226	1	289	4	289	100	2.08997	36	60
NODE_165_length_288_cov_1.289100	1	288	4	288	100	2.09722	33.6	60
NODE_166_length_288_cov_1.255924	1	288	4	288	100	2.09722	34.8	60
NODE_167_length_287_cov_57.614286	1	287	261	287	100	120.282	35.1	51.5
NODE_168_length_287_cov_0.780952	1	287	25	287	100	5.8676	36	53.8
NODE_169_length_284_cov_1.222222	1	284	4	284	100	2.12676	34.1	60
NODE_170_length_283_cov_1.436893	1	283	4	283	100	2.13428	36.6	60
NODE_171_length_283_cov_1.000000	1	283	10	283	100	3.13074	35	49.6
NODE_172_length_282_cov_300.921951	1	282	1350	282	100	647.879	35.2	42.1
NODE_174_length_281_cov_0.725490	1	281	2	281	100	1.07473	36.4	60
NODE_175_length_280_cov_1.458128	1	280	6	280	100	3.23571	34.5	60
NODE_176_length_280_cov_0.817734	1	280	5	280	100	1.75714	27.3	25.8
NODE_177_length_280_cov_0.596059	1	280	32	280	100	10.0821	34.4	46.1
NODE_178_length_279_cov_1.653465	1	279	6	279	100	3.21147	34.9	60
NODE_179_length_279_cov_0.980198	1	279	10	279	100	2.80287	35.5	45.8
NODE_180_length_278_cov_564.412935	1	278	2022	278	100	911.378	34.2	27
NODE_181_length_278_cov_1.502488	1	278	7	278	100	2.86691	35.2	60
NODE_182_length_278_cov_0.736318	1	278	2	278	100	1.08633	35.6	60
NODE_183_length_278_cov_0.736318	1	278	2	278	100	1.08633	36.7	60
NODE_184_length_278_cov_0.736318	1	278	2	278	100	1.08633	36.4	60
NODE_185_length_277_cov_0.740000	1	277	2	277	100	1.09025	36.6	60
NODE_186_length_275_cov_44.772727	1	275	165	275	100	79.9891	34.6	57
NODE_187_length_275_cov_2.777778	1	275	8	275	100	4.24	36.1	60
NODE_188_length_275_cov_1.494949	1	275	4	275	100	2.19636	35.2	60
NODE_189_length_274_cov_0.751269	1	274	2	274	100	1.10219	36.6	60
NODE_190_length_274_cov_0.736041	1	274	2	274	100	1.10219	34.2	60
NODE_191_length_273_cov_0.755102	1	273	2	273	100	1.10623	34	60
NODE_192_length_273_cov_0.755102	1	273	2	273	100	1.10623	36.5	60
NODE_193_length_273_cov_0.755102	1	273	2	273	100	1.10623	35.7	60
NODE_194_length_273_cov_0.755102	1	273	2	273	100	1.10623	36.4	60
NODE_195_length_273_cov_0.755102	1	273	2	273	100	1.10623	34.5	60
NODE_196_length_272_cov_0.758974	1	272	2	272	100	1.11029	36.2	60
NODE_197_length_272_cov_0.758974	1	272	2	272	100	1.11029	36.3	60
NODE_198_length_272_cov_0.758974	1	272	2	272	100	1.11029	30.9	60
NODE_199_length_272_cov_0.758974	1	272	2	272	100	1.11029	34.8	60
NODE_200_length_272_cov_0.758974	1	272	2	272	100	1.11029	34	60
NODE_201_length_271_cov_1.994845	1	271	30	271	100	9.1476	34.6	57.5
NODE_202_length_271_cov_1.525773	1	271	4	271	100	2.22878	35.9	60
NODE_203_length_271_cov_0.886598	1	271	2	191	70.4797	0.704797	31.1	48.5
NODE_204_length_271_cov_0.762887	1	271	2	271	100	1.11439	33	60
NODE_205_length_271_cov_0.762887	1	271	2	271	100	1.11439	35.7	60
NODE_206_length_271_cov_0.762887	1	271	2	271	100	1.11439	33.7	60
NODE_207_length_271_cov_0.762887	1	271	2	271	100	1.11439	36.6	60
NODE_208_length_271_cov_0.762887	1	271	2	271	100	1.11439	35.2	60
NODE_209_length_271_cov_0.762887	1	271	2	271	100	1.11439	36.3	60
NODE_210_length_271_cov_0.711340	1	271	2	271	100	1.09963	26.7	60
NODE_211_length_270_cov_0.766839	1	270	2	270	100	1.11852	35.5	60
NODE_212_length_270_cov_0.766839	1	270	6	270	100	1.51852	36.2	33.7
NODE_213_length_269_cov_0.875000	1	269	2	269	100	1.12268	29.4	60
NODE_214_length_269_cov_0.770833	1	269	2	269	100	1.12268	26.5	60
NODE_215_length_268_cov_1.549738	1	268	4	268	100	2.25373	36.2	60
NODE_216_length_266_cov_346.888889	1	266	1784	266	100	931.451	35.2	46.1
NODE_217_length_266_cov_52.365079	1	266	209	266	100	107.722	35.5	46.2
NODE_218_length_266_cov_0.783069	1	266	2	266	100	1.13534	33.8	60
NODE_219_length_265_cov_1.106383	1	265	5	265	100	1.98491	30.8	17
NODE_220_length_265_cov_0.787234	1	265	2	265	100	1.13962	35.6	60
NODE_221_length_265_cov_0.787234	1	265	2	265	100	1.13962	29.3	60
NODE_222_length_264_cov_1.149733	1	264	1	151	57.197	0.57197	31.4	60
NODE_223_length_264_cov_0.893048	1	264	3	264	100	1.68939	32.2	60
NODE_224_length_264_cov_0.791444	1	264	2	264	100	1.14394	36.2	60
NODE_225_length_264_cov_0.791444	1	264	2	264	100	1.14394	36.5	60
NODE_226_length_264_cov_0.791444	1	264	2	264	100	1.14394	35.7	60
NODE_227_length_263_cov_2.403226	1	263	8	263	100	4.1673	35.3	60
NODE_228_length_263_cov_0.795699	1	263	2	263	100	1.14829	33.8	60
NODE_229_length_263_cov_0.795699	1	263	2	263	100	1.14829	35.6	60
NODE_230_length_263_cov_0.795699	1	263	2	263	100	1.14829	36.6	60
NODE_231_length_263_cov_0.795699	1	263	2	263	100	1.14829	34.4	60
NODE_232_length_262_cov_1.102703	1	262	4	262	100	2.30534	34.2	60
NODE_233_length_262_cov_0.800000	1	262	6	262	100	1.47328	36.1	45.3
NODE_234_length_262_cov_0.800000	1	262	2	262	100	1.15267	29.9	60
NODE_235_length_262_cov_0.740541	1	262	2	262	100	1.15267	33.3	60
NODE_236_length_262_cov_0.589189	1	262	4	262	100	1.8855	33	60
NODE_237_length_261_cov_2.027174	1	261	6	261	100	3.47126	35.5	60
NODE_238_length_261_cov_1.130435	1	261	3	225	86.2069	1.73563	34.6	25
NODE_240_length_260_cov_0.808743	1	260	2	260	100	1.16154	35.9	60
NODE_241_length_260_cov_0.808743	1	260	2	260	100	1.16154	35.7	60
NODE_242_length_260_cov_0.808743	1	260	2	260	100	1.16154	36.5	60
NODE_243_length_260_cov_0.808743	1	260	2	260	100	1.16154	36.6	60
NODE_244_length_260_cov_0.710383	1	260	2	260	100	1.16154	32.6	60
NODE_245_length_259_cov_307.395604	1	259	919	259	100	480.046	35	48.1
NODE_246_length_259_cov_209.598901	1	259	830	259	100	436.571	34.9	51
NODE_247_length_259_cov_163.439560	1	259	543	259	100	274.676	35.6	54.9
NODE_248_length_259_cov_1.104396	1	259	142	259	100	75.0849	34.6	32.9
NODE_249_length_259_cov_0.813187	1	259	2	259	100	1.16602	34.5	60
NODE_250_length_259_cov_0.758242	1	259	2	259	100	1.13514	26.7	60
NODE_251_length_258_cov_0.817680	1	258	2	258	100	1.17054	36.4	60
NODE_252_length_258_cov_0.790055	1	258	2	258	100	1.17054	31.4	60
NODE_253_length_257_cov_1.061111	1	257	3	257	100	1.76265	35.4	60
NODE_254_length_257_cov_0.822222	1	257	2	257	100	1.1751	36.6	60
NODE_255_length_257_cov_0.822222	1	257	2	257	100	1.1751	35.7	60
NODE_256_length_257_cov_0.822222	1	257	2	257	100	1.1751	33.4	60
NODE_257_length_256_cov_1.653631	1	256	4	256	100	2.35938	36.4	60
NODE_258_length_256_cov_1.620112	1	256	4	256	100	2.33594	36.5	60
NODE_259_length_256_cov_1.273743	1	256	1	151	58.9844	0.589844	32.7	7
NODE_260_length_256_cov_0.826816	1	256	2	256	100	1.17969	36.4	60
NODE_261_length_256_cov_0.687151	1	256	2	256	100	1.08203	24.6	60
NODE_262_length_255_cov_0.960674	1	255	4	255	100	1.79216	35.9	60
NODE_263_length_255_cov_0.831461	1	255	2	255	100	1.18431	36.4	60
NODE_264_length_255_cov_0.831461	1	255	2	255	100	1.18431	36.8	60
NODE_265_length_255_cov_0.831461	1	255	2	255	100	1.18431	36.4	60
NODE_266_length_255_cov_0.831461	1	255	2	255	100	1.18431	35.5	60
NODE_267_length_255_cov_0.831461	1	255	2	255	100	1.18431	35.4	60
NODE_268_length_255_cov_0.747191	1	255	2	255	100	1.18431	25.8	60
NODE_269_length_255_cov_0.730337	1	255	2	255	100	1.18431	34.5	60
NODE_270_length_254_cov_0.943503	1	254	1	151	59.4488	0.594488	31.2	28
NODE_271_length_254_cov_0.836158	1	254	2	254	100	1.18898	34.6	60
NODE_272_length_254_cov_0.802260	1	254	2	254	100	1.18898	27.5	60
NODE_273_length_254_cov_0.683616	1	254	2	254	100	1.15354	25.8	60
NODE_274_length_253_cov_343.164773	1	253	1148	253	100	525.111	35.2	52.1
NODE_275_length_253_cov_0.840909	1	253	2	253	100	1.19368	35.8	60
NODE_276_length_253_cov_0.840909	1	253	2	253	100	1.19368	36.5	60
NODE_277_length_253_cov_0.840909	1	253	4	253	100	2.38735	30.7	60
NODE_278_length_253_cov_0.755682	1	253	2	253	100	1.19368	34.4	60
NODE_279_length_252_cov_71.262857	1	252	225	252	100	120.179	35.3	58
NODE_280_length_252_cov_3.137143	1	252	12	252	100	6.9881	34.3	60
NODE_281_length_252_cov_1.588571	1	252	4	252	100	2.33333	36.7	60
NODE_282_length_252_cov_0.845714	1	252	2	252	100	1.19841	36.6	60
NODE_283_length_252_cov_0.845714	1	252	2	252	100	1.19841	34.6	60
NODE_284_length_252_cov_0.845714	1	252	2	252	100	1.19841	36.5	60
NODE_285_length_252_cov_0.714286	1	252	2	252	100	1.19841	31.3	60
NODE_286_length_251_cov_1.827586	1	251	6	251	100	3.40239	36	60
NODE_287_length_251_cov_1.701149	1	251	4	251	100	2.40637	35.4	60
NODE_288_length_251_cov_0.850575	1	251	2	251	100	1.20319	36.4	60
NODE_289_length_251_cov_0.850575	1	251	2	251	100	1.20319	34	60
NODE_290_length_251_cov_0.850575	1	251	2	251	100	1.20319	36.4	60
NODE_291_length_251_cov_0.850575	1	251	2	251	100	1.20319	34.4	60
NODE_292_length_251_cov_0.758621	1	251	2	251	100	1.20319	27.4	56.5
NODE_293_length_250_cov_683.809249	1	250	2245	250	100	1193.43	35.4	52.9
NODE_294_length_250_cov_1.658960	1	250	16	250	100	3.808	35.6	32.4
NODE_295_length_250_cov_1.000000	1	250	1	151	60.4	0.604	32.6	36
NODE_296_length_250_cov_0.988439	1	250	10	250	100	4.168	34.6	39.9
NODE_297_length_250_cov_0.855491	1	250	2	250	100	1.208	36.4	60
NODE_298_length_250_cov_0.855491	1	250	2	250	100	1.208	36.8	60
NODE_299_length_250_cov_0.855491	1	250	2	250	100	1.208	36	60
NODE_300_length_250_cov_0.815029	1	250	2	250	100	1.208	32	60
NODE_301_length_250_cov_0.797688	1	250	2	250	100	1.168	27.2	60
NODE_302_length_250_cov_0.739884	1	250	2	250	100	1.208	36.2	60
NODE_303_length_250_cov_0.676301	1	250	2	250	100	1.084	26.6	60
NODE_304_length_250_cov_0.647399	1	250	4	250	100	1.464	36.1	60
NODE_305_length_249_cov_1.372093	1	249	4	249	100	2.27309	35.9	60
NODE_307_length_249_cov_1.122093	1	249	1	151	60.6426	0.606426	34.5	22
NODE_308_length_249_cov_0.953488	1	249	4	249	100	2.38554	33.4	60
NODE_309_length_249_cov_0.860465	1	249	2	249	100	1.21285	33.8	60
NODE_310_length_249_cov_0.860465	1	249	2	249	100	1.21285	34.6	60
NODE_311_length_249_cov_0.860465	1	249	2	249	100	1.21285	36.3	60
NODE_312_length_249_cov_0.790698	1	249	2	249	100	1.21285	26.2	60
NODE_313_length_249_cov_0.744186	1	249	2	249	100	1.21285	34.9	60
NODE_314_length_248_cov_1.116959	1	248	2	204	82.2581	1.21774	35.9	60
NODE_316_length_247_cov_0.870588	1	247	2	247	100	1.22267	30.2	51.5
NODE_317_length_246_cov_1.213018	1	246	20	246	100	6.86179	34.6	60
NODE_318_length_246_cov_0.875740	1	246	2	246	100	1.22764	33.8	60
NODE_319_length_246_cov_0.875740	1	246	2	246	100	1.22764	36.1	60
NODE_320_length_246_cov_0.875740	1	246	2	246	100	1.22764	36.5	60
NODE_321_length_246_cov_0.875740	1	246	2	246	100	1.22764	35.9	60
NODE_322_length_246_cov_0.869822	1	246	2	246	100	1.22764	30.9	55.5
NODE_323_length_246_cov_0.319527	1	246	12	246	100	3.0935	34.7	45
NODE_324_length_245_cov_2.107143	1	245	8	245	100	3.95918	36.4	60
NODE_325_length_245_cov_1.333333	1	245	28	245	100	7.93061	33.9	54.6
NODE_326_length_245_cov_1.107143	1	245	14	245	100	3.98367	32.3	7.79
NODE_327_length_245_cov_0.880952	1	245	2	245	100	1.23265	36	60
NODE_328_length_245_cov_0.880952	1	245	2	245	100	1.23265	35.7	60
NODE_329_length_245_cov_0.880952	1	245	2	245	100	1.23265	35.8	60
NODE_330_length_245_cov_0.880952	1	245	2	245	100	1.23265	36.8	60
NODE_332_length_244_cov_0.886228	1	244	1	151	61.8852	0.618852	30.5	60
NODE_333_length_244_cov_0.886228	1	244	2	244	100	1.2377	36.8	60
NODE_334_length_244_cov_0.886228	1	244	2	244	100	1.2377	35.8	60
NODE_335_length_244_cov_0.706587	1	244	2	244	100	1.2377	33.6	60
NODE_336_length_243_cov_52.451807	1	243	369	243	100	208.638	34.8	44.2
NODE_337_length_243_cov_1.349398	1	243	4	243	100	2.4856	35.5	60
NODE_338_length_243_cov_0.891566	1	243	2	243	100	1.2428	27.2	57
NODE_339_length_243_cov_0.891566	1	243	2	243	100	1.2428	36.5	60
NODE_340_length_243_cov_0.879518	1	243	2	243	100	1.2428	30.5	46
NODE_341_length_243_cov_0.789157	1	243	2	243	100	1.2428	35.8	60
NODE_342_length_243_cov_0.662651	1	243	2	243	100	1.08642	25.1	60
NODE_343_length_242_cov_1.048485	1	242	3	156	64.4628	0.896694	32.9	15
NODE_344_length_242_cov_0.896970	1	242	2	242	100	1.24793	36.2	60
NODE_345_length_242_cov_0.896970	1	242	2	242	100	1.24793	36.7	60
NODE_346_length_242_cov_0.896970	1	242	2	242	100	1.24793	30.6	43
NODE_347_length_242_cov_0.896970	1	242	3	242	100	1.52066	31.6	48.3
NODE_348_length_242_cov_0.896970	1	242	2	242	100	1.24793	36.7	60
NODE_349_length_242_cov_0.884848	1	242	2	242	100	1.24793	30.1	57
NODE_350_length_242_cov_0.884848	1	242	4	242	100	2.18595	28.8	48
NODE_351_length_241_cov_0.902439	1	241	2	241	100	1.25311	36.1	60
NODE_352_length_241_cov_0.902439	1	241	2	241	100	1.25311	35.8	60
NODE_353_length_241_cov_0.902439	1	241	2	241	100	1.25311	36.3	60
NODE_354_length_241_cov_0.902439	1	241	2	241	100	1.25311	36.6	60
NODE_355_length_241_cov_0.902439	1	241	1	151	62.6556	0.626556	26.8	60
NODE_356_length_241_cov_0.902439	1	241	1	151	62.6556	0.626556	31.1	60
NODE_357_length_241_cov_0.902439	1	241	10	241	100	1.9917	35.8	58
NODE_358_length_241_cov_0.902439	1	241	2	241	100	1.25311	36.3	60
NODE_359_length_241_cov_0.890244	1	241	2	241	100	1.25311	30.2	49
NODE_360_length_241_cov_0.884146	1	241	1	151	62.6556	0.626556	29.7	60
NODE_361_length_241_cov_0.878049	1	241	2	241	100	1.25311	30	60
NODE_362_length_241_cov_0.829268	1	241	2	241	100	1.25311	32.6	60
NODE_363_length_240_cov_1.398773	1	240	5	240	100	2.57917	35	60
NODE_364_length_240_cov_0.907975	1	240	2	240	100	1.25833	36.6	60
NODE_365_length_240_cov_0.907975	1	240	2	240	100	1.25833	36	60
NODE_366_length_240_cov_0.895706	1	240	2	240	100	1.25	29.8	60
NODE_367_length_240_cov_0.852761	1	240	2	240	100	1.25833	34.8	60
NODE_368_length_240_cov_0.736196	1	240	2	240	100	1.14167	26	60
NODE_369_length_240_cov_0.711656	1	240	2	240	100	1.25833	34.2	60
NODE_370_length_239_cov_0.987654	1	239	3	239	100	1.84519	36.1	60
NODE_371_length_239_cov_0.913580	1	239	2	239	100	1.2636	35	60
NODE_372_length_239_cov_0.913580	1	239	2	239	100	1.2636	27.3	60
NODE_373_length_239_cov_0.913580	1	239	2	239	100	1.2636	36.7	60
NODE_374_length_239_cov_0.913580	1	239	2	239	100	1.2636	35.7	60
NODE_375_length_239_cov_0.907407	1	239	2	239	100	1.2636	28	60
NODE_376_length_239_cov_0.907407	1	239	2	239	100	1.2636	29.6	55.5
NODE_377_length_239_cov_0.759259	1	239	2	239	100	1.19247	25.8	60
NODE_378_length_238_cov_1.366460	1	238	4	238	100	2.22269	36.5	60
NODE_379_length_238_cov_0.919255	1	238	1	151	63.4454	0.634454	32.9	43
NODE_380_length_238_cov_0.919255	1	238	2	238	100	1.26891	36.3	60
NODE_381_length_238_cov_0.906832	1	238	1	151	63.4454	0.634454	24.9	60
NODE_382_length_238_cov_0.906832	1	238	1	151	63.4454	0.634454	29.4	60
NODE_383_length_238_cov_0.869565	1	238	2	238	100	1.26891	27.7	54
NODE_384_length_238_cov_0.801242	1	238	2	185	77.7311	1.26891	29.4	34.5
NODE_385_length_237_cov_106.631250	1	237	214	237	100	119.101	35.2	45.7
NODE_386_length_237_cov_44.475000	1	237	89	237	100	49.4219	34.9	45.8
NODE_387_length_237_cov_2.018750	1	237	6	237	100	3.4346	36.6	60
NODE_389_length_237_cov_0.925000	1	237	2	237	100	1.27426	36.3	60
NODE_390_length_237_cov_0.925000	1	237	2	237	100	1.27426	34.5	60
NODE_391_length_237_cov_0.925000	1	237	2	237	100	1.27426	36	60
NODE_392_length_237_cov_0.925000	1	237	2	237	100	1.27426	36.2	60
NODE_393_length_237_cov_0.925000	1	237	2	237	100	1.27426	36.8	60
NODE_394_length_237_cov_0.925000	1	237	2	237	100	1.27426	36.1	60
NODE_395_length_237_cov_0.862500	1	237	2	237	100	1.27426	27.5	60
NODE_396_length_237_cov_0.656250	1	237	2	237	100	1.12236	26.4	60
NODE_397_length_236_cov_0.930818	1	236	2	236	100	1.27966	34.4	60
NODE_398_length_236_cov_0.911950	1	236	3	236	100	1.39407	30.2	39.3
NODE_399_length_236_cov_0.880503	1	236	2	236	100	1.27966	25.9	60
NODE_400_length_236_cov_0.880503	1	236	3	236	100	1.7839	29.4	39
NODE_401_length_236_cov_0.874214	1	236	2	236	100	1.27966	35.3	60
NODE_402_length_236_cov_0.861635	1	236	2	236	100	1.27966	27.1	58.5
NODE_403_length_236_cov_0.748428	1	236	2	236	100	1.27966	35.1	60
NODE_404_length_236_cov_0.723270	1	236	2	236	100	1.27966	34.6	60
NODE_405_length_235_cov_0.936709	1	235	2	235	100	1.28511	36.7	60
NODE_406_length_235_cov_0.936709	1	235	2	235	100	1.28511	36.2	60
NODE_407_length_235_cov_0.936709	1	235	2	235	100	1.28511	36.5	60
NODE_408_length_235_cov_0.936709	1	235	19	235	100	6.01277	35.2	56.4
NODE_409_length_235_cov_0.936709	1	235	1	151	64.2553	0.642553	30.1	60
NODE_410_length_235_cov_0.936709	1	235	2	235	100	1.28511	35.9	60
NODE_411_length_235_cov_0.924051	1	235	2	235	100	1.28511	32	38.5
NODE_412_length_235_cov_0.822785	1	235	2	235	100	1.28511	32.4	60
NODE_413_length_235_cov_0.740506	1	235	2	235	100	1.24681	28.4	52
NODE_414_length_235_cov_0.721519	1	235	2	235	100	1.2	25.5	60
NODE_415_length_234_cov_1.789809	1	234	4	234	100	2.5812	34.1	60
NODE_416_length_234_cov_1.171975	1	234	3	151	64.5299	1.09829	34.1	7
NODE_417_length_234_cov_0.942675	1	234	2	234	100	1.2906	36.3	60
NODE_418_length_234_cov_0.942675	1	234	2	234	100	1.2906	36.5	60
NODE_419_length_234_cov_0.942675	1	234	2	234	100	1.2906	36.3	60
NODE_420_length_234_cov_0.942675	1	234	2	234	100	1.2906	36.8	60
NODE_421_length_234_cov_0.783439	1	234	2	234	100	1.2906	35.1	60
NODE_422_length_233_cov_115.294872	1	233	381	233	100	221.052	35.1	52
NODE_423_length_233_cov_1.500000	1	233	4	233	100	2.59227	34	60
NODE_424_length_233_cov_1.256410	1	233	5	175	75.1073	1.66094	34	11.2
NODE_427_length_233_cov_1.025641	1	233	2	233	100	1.29614	31.7	48.5
NODE_428_length_233_cov_0.948718	1	233	2	233	100	1.29614	33.6	60
NODE_429_length_233_cov_0.903846	1	233	2	233	100	1.29614	36.4	60
NODE_430_length_233_cov_0.865385	1	233	2	233	100	1.29614	29.9	57
NODE_431_length_233_cov_0.858974	1	233	5	233	100	2.44635	30.3	28.4
NODE_432_length_233_cov_0.846154	1	233	2	233	100	1.29614	33.8	60
NODE_433_length_232_cov_490.980645	1	232	1570	232	100	911.241	35.2	52.5
NODE_434_length_232_cov_1.909677	1	232	4	232	100	2.60345	35.9	60
NODE_435_length_232_cov_0.954839	1	232	2	232	100	1.30172	36.3	60
NODE_436_length_232_cov_0.954839	1	232	2	232	100	1.30172	36.1	60
NODE_437_length_232_cov_0.954839	1	232	2	232	100	1.30172	31.8	60
NODE_438_length_232_cov_0.954839	1	232	2	232	100	1.30172	36.2	60
NODE_439_length_232_cov_0.954839	1	232	2	232	100	1.30172	36.4	60
NODE_440_length_232_cov_0.954839	1	232	2	232	100	1.30172	36.6	60
NODE_441_length_232_cov_0.890323	1	232	2	232	100	1.30172	29.2	51
NODE_442_length_231_cov_1.019481	1	231	2	231	100	1.30736	30.4	51.5
NODE_443_length_231_cov_0.961039	1	231	2	231	100	1.30736	36.4	60
NODE_444_length_231_cov_0.961039	1	231	2	231	100	1.30736	36.4	60
NODE_445_length_231_cov_0.961039	1	231	2	231	100	1.30736	36.1	60
NODE_446_length_231_cov_0.961039	1	231	2	231	100	1.30736	34.9	60
NODE_447_length_231_cov_0.961039	1	231	2	231	100	1.30736	36.4	60
NODE_448_length_231_cov_0.870130	1	231	1	151	65.368	0.65368	27.5	60
NODE_449_length_231_cov_0.870130	1	231	2	231	100	1.30736	30.5	48
NODE_450_length_231_cov_0.863636	1	231	2	231	100	1.30736	30.9	52.5
NODE_451_length_230_cov_57.241830	1	230	106	230	100	62.4391	34.8	46.2
NODE_453_length_230_cov_0.967320	1	230	2	230	100	1.31304	35.7	60
NODE_454_length_230_cov_0.967320	1	230	2	230	100	1.31304	34.9	60
NODE_455_length_230_cov_0.901961	1	230	2	230	100	1.31304	27.4	60
NODE_456_length_230_cov_0.901961	1	230	2	230	100	1.31304	30	43.5
NODE_457_length_230_cov_0.882353	1	230	1	151	65.6522	0.656522	29.2	60
NODE_458_length_230_cov_0.856209	1	230	4	230	100	1.8913	36.4	60
NODE_459_length_230_cov_0.830065	1	230	2	230	100	1.31304	34.2	60
NODE_460_length_230_cov_0.790850	1	230	2	230	100	1.31304	35.1	60
NODE_461_length_229_cov_1.947368	1	229	4	229	100	2.63755	36.4	60
NODE_462_length_229_cov_1.236842	1	229	2	204	89.083	1.31878	36.4	53.5
NODE_463_length_229_cov_1.052632	1	229	3	208	90.8297	1.66376	30	18
NODE_464_length_229_cov_0.973684	1	229	2	229	100	1.31878	35.8	60
NODE_465_length_229_cov_0.973684	1	229	2	229	100	1.31878	34.4	60
NODE_466_length_229_cov_0.973684	1	229	2	229	100	1.31878	30.7	46
NODE_467_length_229_cov_0.973684	1	229	2	229	100	1.31878	36.7	60
NODE_468_length_229_cov_0.973684	1	229	2	229	100	1.31878	36.1	60
NODE_469_length_229_cov_0.934211	1	229	2	229	100	1.31878	29.5	51.5
NODE_470_length_229_cov_0.927632	1	229	2	229	100	1.31878	27	60
NODE_471_length_229_cov_0.927632	1	229	2	229	100	1.31878	29.7	51
NODE_472_length_229_cov_0.894737	1	229	1	149	65.0655	0.650655	28.5	60
NODE_473_length_229_cov_0.888158	1	229	2	229	100	1.31878	27.4	60
NODE_474_length_229_cov_0.868421	1	229	2	229	100	1.31878	28.5	60
NODE_475_length_229_cov_0.861842	1	229	2	229	100	1.31878	29.4	60
NODE_476_length_229_cov_0.861842	1	229	3	229	100	1.95633	29.7	28.7
NODE_477_length_229_cov_0.763158	1	229	2	229	100	1.31878	36.6	60
NODE_478_length_226_cov_93.771812	1	226	262	226	100	157.965	35.1	57.7
NODE_479_length_226_cov_39.140940	1	226	68	226	100	38.5575	35.2	49.6
NODE_480_length_224_cov_467.585034	1	224	727	224	100	435.634	35.1	51.1
NODE_481_length_221_cov_41.506944	1	221	259	221	100	154.014	34.6	32.4
NODE_482_length_220_cov_56.062937	1	220	171	220	100	95.5227	34.9	48.6
NODE_483_length_220_cov_39.503497	1	220	73	220	100	44.5591	34.8	44.1
NODE_484_length_215_cov_52.231884	1	215	297	215	100	180.405	34.6	42.8
NODE_485_length_215_cov_0.557971	1	215	2	142	66.0465	1.32093	36.4	50
NODE_486_length_214_cov_28.335766	1	214	113	214	100	64.0981	34.4	45.3
NODE_487_length_213_cov_47.330882	1	213	127	213	100	79.6948	35	52.4
NODE_488_length_212_cov_27.229630	1	212	65	212	100	39.8679	34.5	54.7
NODE_489_length_212_cov_0.533333	1	212	4	145	68.3962	1.83962	33.7	30
NODE_490_length_211_cov_65.664179	1	211	233	211	100	152	34.8	49.4
NODE_491_length_209_cov_287.977273	1	209	508	209	100	322.947	35.2	41.5
NODE_492_length_209_cov_1.045455	1	209	250	209	100	164.579	33.2	28.9
NODE_493_length_208_cov_29.580153	1	208	70	208	100	40.0096	34.9	43
NODE_494_length_208_cov_0.587786	1	208	170	208	100	109.038	32.9	31.6
NODE_495_length_206_cov_1088.651163	1	206	2379	206	100	1368.52	35.3	41.8
NODE_496_length_206_cov_54.348837	1	206	55	206	100	33.9951	35.5	45.8
NODE_497_length_205_cov_72.375000	1	205	163	205	100	105.185	35.5	57.8
NODE_498_length_204_cov_0.748031	1	204	2	114	55.8824	1.11765	36.1	11
NODE_499_length_203_cov_107.134921	1	203	192	203	100	123.818	35	44.8
NODE_500_length_199_cov_508.737705	1	199	1302	199	100	859.965	34.7	44.3
NODE_501_length_198_cov_66.231405	1	198	253	198	100	138.899	34.9	34.5
NODE_502_length_196_cov_462.058824	1	196	729	196	100	495.092	35.2	45.5
NODE_503_length_196_cov_194.478992	1	196	451	196	100	287.026	35.2	50.6
NODE_504_length_196_cov_20.798319	1	196	141	196	100	87.449	33.8	45.7
NODE_505_length_194_cov_47.025641	1	194	98	194	100	67.2216	35.4	50.4
NODE_506_length_194_cov_33.504274	1	194	74	194	100	51.1804	35	48.7
NODE_507_length_193_cov_48.681034	1	193	102	193	100	69.7409	35	48.2
NODE_508_length_193_cov_27.482759	1	193	57	193	100	39.9482	35	45.9
NODE_509_length_192_cov_1.495652	1	192	18	192	100	6.78125	34.8	17.9
NODE_510_length_191_cov_50.359649	1	191	68	191	100	47.6911	34.8	52.6
NODE_511_length_190_cov_117.469027	1	190	348	190	100	244.853	35.3	44
NODE_512_length_189_cov_44.946429	1	189	94	189	100	66.5238	34.9	51.5
NODE_513_length_188_cov_42.927928	1	188	128	188	100	84.0957	34.4	45.5
NODE_514_length_185_cov_2075.416667	1	185	3321	185	100	2385.62	35	45.5
NODE_515_length_185_cov_112.157407	1	185	252	185	100	180.946	35.2	39.1
NODE_516_length_185_cov_74.574074	1	185	199	185	100	136.114	34.5	54.8
NODE_517_length_181_cov_133.721154	1	181	445	181	100	296.083	35	47.2
NODE_518_length_179_cov_360.843137	1	179	850	179	100	614.86	34.8	50.5
NODE_519_length_179_cov_61.558824	1	179	107	179	100	78.5978	35.1	55.8
NODE_520_length_178_cov_61.000000	1	178	136	178	100	88.264	35.3	43.9
NODE_521_length_176_cov_363.313131	1	176	628	176	100	467.619	35.1	50.3
NODE_522_length_176_cov_293.535354	1	176	475	176	100	342.602	34.9	50.5
NODE_523_length_176_cov_43.828283	1	176	79	176	100	58.2784	35.2	52.2
NODE_524_length_169_cov_192.630435	1	169	361	169	100	264.728	35.3	48.5
NODE_525_length_167_cov_244.411111	1	167	395	167	100	292.096	35	47.9
NODE_526_length_165_cov_631.602273	1	165	774	165	100	602.533	35.4	49.7
NODE_527_length_164_cov_46.781609	1	164	105	164	100	81.189	34.2	35.4
NODE_528_length_164_cov_30.804598	1	164	87	164	100	65.0244	33.6	39
NODE_529_length_163_cov_37.476744	1	163	519	163	100	422.117	34.9	30
NODE_530_length_162_cov_145.211765	1	162	2007	162	100	1565.57	35	34.3
NODE_531_length_161_cov_74.607143	1	161	117	161	100	92.1988	35.5	53.1
NODE_532_length_160_cov_179.277108	1	160	106	160	100	79.4688	34.9	32.9
NODE_533_length_160_cov_112.638554	1	160	180	160	100	138.162	35.3	43.3
NODE_534_length_158_cov_382.209877	1	158	509	158	100	398.981	34.7	51
NODE_535_length_158_cov_198.839506	1	158	326	158	100	258.747	34.5	52.9
NODE_536_length_158_cov_61.506173	1	158	93	158	100	74.2278	34.9	40.4
NODE_537_length_156_cov_54.708861	1	156	59	156	100	48.0321	35	43.1
NODE_538_length_156_cov_20.506329	1	156	38	156	100	28.4615	34.4	51.9
NODE_539_length_155_cov_502.564103	1	155	375	155	100	301.974	35.1	32.6
NODE_540_length_155_cov_497.256410	1	155	327	155	100	260.103	35.4	29.5
NODE_541_length_155_cov_388.051282	1	155	545	155	100	446.335	35	33.4
NODE_542_length_155_cov_376.012821	1	155	558	155	100	457.794	35	33.4
NODE_543_length_155_cov_264.205128	1	155	131	155	100	95.8968	34.9	36.6
NODE_544_length_155_cov_243.858974	1	155	158	155	100	70.671	35.3	38.4
NODE_545_length_155_cov_107.538462	1	155	255	155	100	202.639	34.4	30.3
NODE_546_length_155_cov_95.538462	1	155	146	155	100	123.265	35.5	33.8
NODE_547_length_155_cov_73.948718	1	155	1733	155	100	1090.56	27.4	17.6
NODE_548_length_155_cov_57.641026	1	155	23	155	100	16.4323	35.2	38.7
NODE_549_length_155_cov_57.371795	1	155	31	155	100	24.7806	35.8	32.6
NODE_550_length_155_cov_56.384615	1	155	38	155	100	30.7161	35.9	34.5
NODE_551_length_155_cov_56.358974	1	155	24	155	100	19.4645	36	38
NODE_552_length_155_cov_53.282051	1	155	7	114	73.5484	2.99355	36.6	29.4
NODE_553_length_155_cov_52.679487	1	155	142	155	100	116.935	34.6	36.5
NODE_554_length_155_cov_50.025641	1	155	20	155	100	15.0258	36	33.5
NODE_555_length_155_cov_49.128205	1	155	12	152	98.0645	7.45806	35.6	34.3
NODE_556_length_155_cov_48.628205	1	155	735	155	100	635.277	33.5	8.01
NODE_557_length_155_cov_48.179487	1	155	114	155	100	86.2258	34.1	43.9
NODE_558_length_155_cov_45.756410	1	155	26	155	100	22.4065	35.4	31.7
NODE_559_length_155_cov_45.371795	1	155	824	155	100	715.155	34.8	31.9
NODE_560_length_155_cov_44.679487	1	155	353	155	100	293.032	34.8	35.7
NODE_561_length_155_cov_44.397436	1	155	25	155	100	19	36.1	28.4
NODE_562_length_155_cov_43.153846	1	155	59	155	100	48.729	35.7	37.8
NODE_563_length_155_cov_42.820513	1	155	32	155	100	25.729	35.5	17.6
NODE_564_length_155_cov_41.012821	1	155	58	155	100	49.729	34.4	26.7
NODE_565_length_155_cov_40.076923	1	155	67	155	100	51.3871	35.1	33.6
NODE_566_length_155_cov_39.807692	1	155	64	155	100	52.3806	35.7	34
NODE_567_length_155_cov_39.564103	1	155	16	155	100	11.471	35.5	14.1
NODE_568_length_155_cov_39.179487	1	155	8	153	98.7097	5.45806	35.6	34
NODE_569_length_155_cov_39.102564	1	155	7	155	100	4.85806	36.1	30.4
NODE_570_length_155_cov_37.141026	1	155	60	155	100	48.5097	34.3	35.7
NODE_571_length_155_cov_35.666667	1	155	11	155	100	8.96129	33.7	26
NODE_572_length_155_cov_34.653846	1	155	6	154	99.3548	3.69032	36.5	31.3
NODE_573_length_155_cov_34.448718	1	155	31	155	100	22.7742	33.3	31.9
NODE_574_length_155_cov_34.153846	1	155	46	155	100	38.1871	35.9	32.7
NODE_575_length_155_cov_33.974359	1	155	12	155	100	9.50323	36	13.7
NODE_576_length_155_cov_33.128205	1	155	20	155	100	15.8	35.9	22.9
NODE_577_length_155_cov_32.179487	1	155	7	151	97.4194	4.76774	33.7	35
NODE_578_length_155_cov_29.307692	1	155	30	155	100	22.4774	35.2	30.6
NODE_579_length_155_cov_29.038462	1	155	23	155	100	16.6258	35.6	31.1
NODE_580_length_155_cov_29.038462	1	155	22	150	96.7742	16.7161	34.7	35.3
NODE_581_length_155_cov_24.487179	1	155	1027	155	100	902.161	33.6	6.83
NODE_582_length_155_cov_22.602564	1	155	4	124	80	1.52903	36.1	25.5
NODE_583_length_155_cov_22.230769	1	155	740	155	100	622.652	32.8	7.66
NODE_584_length_155_cov_21.807692	1	155	695	155	100	618.284	33.7	8.21
NODE_585_length_155_cov_21.743590	1	155	509	155	100	428.884	32.8	9.26
NODE_586_length_154_cov_246.168831	1	154	466	154	100	369.701	34.6	47.1
NODE_587_length_154_cov_42.792208	1	154	62	154	100	50.7922	35.2	46.6
NODE_588_length_154_cov_25.506494	1	154	562	154	100	466.344	32.8	7.1
NODE_589_length_153_cov_25.855263	1	153	50	153	100	35.098	34.5	37.9
NODE_590_length_152_cov_434.960000	1	152	483	152	100	404.342	35	39.2
NODE_591_length_152_cov_85.133333	1	152	81	152	100	65.0461	32.7	14.2
NODE_592_length_152_cov_50.493333	1	152	95	152	100	74.0855	35.5	49
NODE_593_length_152_cov_28.280000	1	152	42	152	100	34.3421	34.4	57
NODE_594_length_152_cov_10.293333	1	152	445	152	100	370.197	34.8	31.9
NODE_595_length_151_cov_51.540541	1	151	97	151	100	71.5497	34.7	43
NODE_596_length_151_cov_50.297297	1	151	132	151	100	116.523	35.3	33.3
NODE_597_length_151_cov_3.189189	1	151	22	151	100	9.91391	35.8	23.3
NODE_598_length_150_cov_205.164384	1	150	243	150	100	199.32	34.7	32.8
NODE_599_length_149_cov_451.791667	1	149	519	149	100	432	34.9	34.3
NODE_600_length_149_cov_439.194444	1	149	1567	149	100	1382.04	35	47.2
NODE_601_length_149_cov_120.847222	1	149	183	149	100	142.074	34.8	24.7
NODE_602_length_149_cov_76.791667	1	149	541	149	100	468.477	34.7	32.9
NODE_603_length_149_cov_60.097222	1	149	483	149	100	413.671	34.6	37
NODE_604_length_149_cov_49.125000	1	149	114	149	100	96.7114	34.5	37.9
NODE_605_length_149_cov_46.875000	1	149	36	149	100	24.396	34.6	12
NODE_606_length_148_cov_265.985915	1	148	325	148	100	271.432	35.2	35
NODE_607_length_148_cov_51.971831	1	148	116	148	100	100.392	34.5	44.5
NODE_608_length_147_cov_56.957143	1	147	80	147	100	67.4762	35	47.2
NODE_609_length_147_cov_20.571429	1	147	38	147	100	21.2721	34.5	43.4
NODE_610_length_146_cov_2450.478261	1	146	4117	146	100	3581.75	35.3	45.4
NODE_611_length_146_cov_378.753623	1	146	799	146	100	665.349	35.1	37.6
NODE_612_length_146_cov_66.289855	1	146	598	146	100	536.897	34.4	36.3
NODE_613_length_146_cov_55.695652	1	146	227	146	100	197.884	35.2	41.7
NODE_614_length_146_cov_41.927536	1	146	2	75	51.3699	0.883562	36.5	0
NODE_615_length_146_cov_37.318841	1	146	383	146	100	343.247	34.5	27.7
NODE_616_length_145_cov_149.544118	1	145	66	145	100	50.3517	35.4	24.1
NODE_617_length_145_cov_44.941176	1	145	103	145	100	63.6414	35.6	36.8
NODE_618_length_145_cov_43.705882	1	145	83	145	100	69.1379	34.7	44.7
NODE_619_length_144_cov_332.522388	1	144	193	144	100	150.306	34.5	26
NODE_620_length_144_cov_194.253731	1	144	211	144	100	182.042	35.1	53.5
NODE_621_length_144_cov_81.313433	1	144	184	144	100	144	33.1	32.6
NODE_622_length_143_cov_2858.015152	1	143	8137	143	100	7171.45	35	43.9
NODE_623_length_143_cov_179.984848	1	143	192	143	100	167.413	35.5	51
NODE_624_length_143_cov_95.818182	1	143	48	143	100	37.7413	34.9	29.8
NODE_625_length_143_cov_61.257576	1	143	60	143	100	53.6154	35.3	48.1
NODE_626_length_143_cov_60.681818	1	143	39	143	100	33.5455	34.5	24.3
NODE_627_length_143_cov_60.242424	1	143	1253	143	100	1122.94	34.6	34.5
NODE_628_length_143_cov_53.015152	1	143	128	143	100	101.252	34.8	18.3
NODE_629_length_143_cov_47.818182	1	143	70	143	100	51.2867	34	34.6
NODE_630_length_143_cov_43.833333	1	143	1881	143	100	1709.1	35	24.7
NODE_631_length_143_cov_38.287879	1	143	592	143	100	522.294	34.6	32.5
NODE_632_length_142_cov_178.876923	1	142	313	142	100	256.437	33.5	33.3
NODE_633_length_142_cov_73.461538	1	142	178	142	100	141.021	34.6	36.4
NODE_634_length_142_cov_42.015385	1	142	648	142	100	580.669	34.7	34.1
NODE_635_length_141_cov_113.968750	1	141	212	141	100	176.298	33.7	26.3
NODE_636_length_141_cov_56.937500	1	141	122	141	100	96.6312	33.1	26
NODE_637_length_141_cov_44.671875	1	141	131	141	100	109.404	35.2	32.9
NODE_638_length_140_cov_273.333333	1	140	458	140	100	371.314	34.9	35.1
NODE_639_length_140_cov_186.619048	1	140	807	140	100	719.236	34.9	42.2
NODE_640_length_140_cov_98.333333	1	140	62	140	100	51.4929	35.2	24.3
NODE_641_length_140_cov_54.857143	1	140	72	140	100	58.7357	35.2	45.4
NODE_642_length_140_cov_44.126984	1	140	65	140	100	59.2929	34.9	19.2
NODE_643_length_140_cov_42.460317	1	140	61	140	100	48.85	34.9	41.1
NODE_644_length_140_cov_41.396825	1	140	123	140	100	109.414	35	36.4
NODE_645_length_140_cov_37.666667	1	140	460	140	100	385.657	33.8	32.5
NODE_646_length_140_cov_28.444444	1	140	108	140	100	78.8286	34.7	26.8
NODE_647_length_140_cov_1.666667	1	140	106	140	100	93.0786	33.5	37.8
NODE_648_length_139_cov_57.209677	1	139	51	139	100	44.8561	35	26.8
NODE_649_length_138_cov_121.983607	1	138	1173	138	100	1042.39	34.8	42.7
NODE_650_length_138_cov_113.245902	1	138	261	138	100	208.993	35	40.7
NODE_651_length_137_cov_130.600000	1	137	175	137	100	156.686	34.5	30.7
NODE_652_length_137_cov_110.233333	1	137	95	137	100	67.3066	34.2	24.6
NODE_653_length_137_cov_95.833333	1	137	282	137	100	245.088	34.3	19.9
NODE_654_length_137_cov_52.066667	1	137	320	137	100	264.467	35	20.8
NODE_655_length_135_cov_80.120690	1	135	17	135	100	10.5037	34.4	37.5
NODE_656_length_135_cov_74.568966	1	135	14	135	100	8.74815	35.8	30.6
NODE_657_length_135_cov_54.948276	1	135	88	135	100	73.1111	34.7	40.6
NODE_658_length_134_cov_357.982456	1	134	634	134	100	566.575	34.6	41.6
NODE_659_length_134_cov_326.614035	1	134	53	134	100	33.7015	35.2	31.3
NODE_660_length_134_cov_256.807018	1	134	51	134	100	33.903	35.5	19.5
NODE_661_length_134_cov_44.754386	1	134	101	134	100	93.3955	35.1	33.9
NODE_662_length_134_cov_44.491228	1	134	17	134	100	11.6567	34.1	21.2
NODE_663_length_134_cov_23.315789	1	134	31	134	100	25.1866	35.2	44.6
NODE_664_length_134_cov_23.087719	1	134	47	134	100	36.097	34.2	34.5
NODE_665_length_133_cov_485.982143	1	133	694	133	100	629.444	35	42.7
NODE_666_length_133_cov_94.839286	1	133	55	133	100	50.3759	34.9	33.3
NODE_667_length_133_cov_47.607143	1	133	71	133	100	64.188	34.7	44.7
NODE_668_length_133_cov_37.303571	1	133	71	133	100	58.4962	34.4	16.8
NODE_669_length_132_cov_262.418182	1	132	298	132	100	254.068	35.2	40.7
NODE_670_length_132_cov_126.018182	1	132	167	132	100	141.932	34.4	31.1
NODE_671_length_131_cov_264.722222	1	131	355	131	100	321.405	34.9	40.6
NODE_672_length_131_cov_195.314815	1	131	947	131	100	802.878	34.8	26.6
NODE_673_length_131_cov_174.314815	1	131	377	131	100	308.733	34.5	34.3
NODE_674_length_131_cov_149.462963	1	131	632	131	100	580.168	34.9	29.2
NODE_675_length_131_cov_125.370370	1	131	107	131	100	87.2901	34.8	17.7
NODE_676_length_131_cov_112.925926	1	131	30	131	100	23.1221	34.4	29.8
NODE_677_length_131_cov_62.611111	1	131	2590	131	100	2468.53	35.2	38.8
NODE_678_length_131_cov_57.888889	1	131	53	131	100	42.4275	35.3	34
NODE_679_length_131_cov_56.314815	1	131	213	131	100	190.084	35	29.9
NODE_680_length_131_cov_51.351852	1	131	19	131	100	16.0534	35	26.9
NODE_681_length_131_cov_49.111111	1	131	18	131	100	13.7328	33.8	25.3
NODE_682_length_131_cov_42.037037	1	131	21	131	100	15.0992	34.9	29.6
NODE_683_length_129_cov_246.173077	1	129	444	129	100	377.837	34.6	26.2
NODE_684_length_129_cov_48.230769	1	129	50	129	100	46.093	35.5	50.5
NODE_685_length_128_cov_431.235294	1	128	309	128	100	269.367	34.9	32.2
NODE_686_length_128_cov_271.215686	1	128	231	128	100	213.227	34.5	28.4
NODE_687_length_128_cov_196.980392	1	128	575	128	100	514.781	33.9	22.6
NODE_688_length_128_cov_155.274510	1	128	774	128	100	689.328	35.3	21.7
NODE_689_length_128_cov_36.607843	1	128	76	128	100	64.7344	33.5	14.5
NODE_690_length_128_cov_36.274510	1	128	11	128	100	5.11719	35.8	16.6
NODE_691_length_128_cov_34.372549	1	128	213	128	100	176.797	34.9	29.5
NODE_692_length_127_cov_195.020000	1	127	893	127	100	839.213	34.9	34.8
NODE_693_length_127_cov_123.520000	1	127	141	127	100	124.764	35	38.4
NODE_694_length_127_cov_2.440000	1	127	2	112	88.189	1.76378	36.9	31
NODE_695_length_126_cov_307.265306	1	126	221	126	100	203.484	34.8	43.9
NODE_696_length_126_cov_285.510204	1	126	43	126	100	31.8651	34.3	37.4
NODE_697_length_126_cov_71.918367	1	126	44	126	100	36.8254	35.1	19.3
NODE_698_length_125_cov_7858.187500	1	125	8350	125	100	7716.46	35	36.2
NODE_699_length_125_cov_632.729167	1	125	673	125	100	618.568	34.5	43.2
NODE_700_length_125_cov_280.458333	1	125	202	125	100	186.864	34.9	32.9
NODE_701_length_125_cov_51.479167	1	125	42	125	100	32.552	35.3	31.4
NODE_702_length_125_cov_46.937500	1	125	45	125	100	40.232	34.9	38.3
NODE_703_length_125_cov_40.750000	1	125	12	125	100	8.592	33.6	21.1
NODE_704_length_125_cov_39.583333	1	125	25	125	100	14.464	34.5	26.7
NODE_705_length_125_cov_21.187500	1	125	43	125	100	27.04	34.5	15.9
NODE_706_length_124_cov_1465.382979	1	124	442	124	100	353.242	34.7	31.2
NODE_707_length_124_cov_228.021277	1	124	276	124	100	240.323	34.3	34.8
NODE_708_length_123_cov_34.673913	1	123	489	123	100	439.902	34	28.5
NODE_709_length_122_cov_562.866667	1	122	355	122	100	302.582	34.8	14
NODE_710_length_122_cov_513.622222	1	122	178	122	100	135.434	34.1	18.7
NODE_711_length_122_cov_401.866667	1	122	1960	122	100	1861.02	35.3	30.6
NODE_712_length_122_cov_231.711111	1	122	35	122	100	24.5082	33.2	16.7
NODE_713_length_122_cov_48.800000	1	122	1	58	47.541	0.47541	27.7	0
NODE_714_length_121_cov_430.363636	1	121	102	121	100	77.8926	35.4	31.1
NODE_715_length_121_cov_20.318182	1	121	300	121	100	279.826	33.9	23.4
NODE_716_length_120_cov_75.651163	1	120	69	120	100	63.2417	35	37.7
NODE_717_length_119_cov_346.666667	1	119	440	119	100	411.807	34.7	25.5
NODE_718_length_119_cov_256.523810	1	119	205	119	100	194.714	35.4	26.4
NODE_719_length_119_cov_254.690476	1	119	224	119	100	206.975	35.5	24.9
NODE_720_length_119_cov_223.928571	1	119	22	119	100	13.9328	36	32.4
NODE_721_length_119_cov_192.333333	1	119	288	119	100	252.538	34.9	33
NODE_722_length_119_cov_172.119048	1	119	31	119	100	25.3109	34.8	17.8
NODE_723_length_119_cov_147.095238	1	119	1535	119	100	1453.61	35.4	31.1
NODE_724_length_119_cov_94.547619	1	119	22	119	100	14.4202	32.9	19
NODE_725_length_119_cov_88.928571	1	119	57	119	100	50.2773	34.1	31.4
NODE_726_length_119_cov_60.571429	1	119	5	116	97.479	4.46218	36.5	41
NODE_727_length_119_cov_43.476190	1	119	1129	119	100	1075.84	35.3	26.2
NODE_728_length_119_cov_19.571429	1	119	12	117	98.3193	7.71429	33.9	0.667
NODE_729_length_118_cov_4009.658537	1	118	3036	118	100	2901.09	35	31.5
NODE_730_length_118_cov_101.219512	1	118	19	118	100	14.339	34.5	21.8
NODE_731_length_118_cov_39.878049	1	118	30	118	100	26.161	34.2	27
NODE_732_length_118_cov_35.634146	1	118	20	118	100	17.9068	35	30.9
NODE_733_length_117_cov_424.675000	1	117	325	117	100	301.162	34.8	37.3
NODE_734_length_117_cov_160.075000	1	117	21	117	100	15.7692	34.5	34.6
NODE_735_length_117_cov_52.250000	1	117	22	117	100	18.6239	32.1	10.6
NODE_736_length_116_cov_466.538462	1	116	307	116	100	289.103	34.8	21.9
NODE_737_length_116_cov_360.230769	1	116	37	116	100	29.3621	34.9	36.8
NODE_738_length_116_cov_285.871795	1	116	261	116	100	240.19	34.6	33.5
NODE_739_length_116_cov_206.769231	1	116	733	116	100	702.06	34.9	25.9
NODE_740_length_116_cov_162.487179	1	116	372	116	100	336.129	34.4	20.9
NODE_741_length_116_cov_155.717949	1	116	15	116	100	10.7414	35.1	26.5
NODE_742_length_116_cov_143.153846	1	116	130	116	100	117.353	34.7	19
NODE_743_length_116_cov_102.282051	1	116	66	116	100	57.569	34.4	8.48
NODE_744_length_116_cov_25.717949	1	116	26	116	100	21.1638	35	29.3
NODE_745_length_115_cov_84.631579	1	115	101	115	100	93.2	34.6	39.5
NODE_746_length_115_cov_37.789474	1	115	14	110	95.6522	6.14783	35.9	13.3
NODE_747_length_114_cov_211.432432	1	114	21	114	100	15.9035	34	16.9
NODE_748_length_114_cov_136.081081	1	114	51	114	100	41.4298	34.6	16.6
NODE_749_length_114_cov_88.000000	1	114	18	114	100	16.3684	35.8	16.8
NODE_750_length_114_cov_87.594595	1	114	14	114	100	10.4912	33.5	44.9
NODE_751_length_113_cov_4193.277778	1	113	597	113	100	522.336	35	23.6
NODE_752_length_113_cov_321.805556	1	113	32	113	100	28.4071	34.6	37.9
NODE_753_length_113_cov_198.444444	1	113	410	113	100	384.903	34.4	27
NODE_754_length_113_cov_183.666667	1	113	124	113	100	115.699	34.8	31.8
NODE_755_length_113_cov_174.277778	1	113	814	113	100	781.531	35.1	28.4
NODE_756_length_113_cov_148.694444	1	113	145	113	100	128.965	34.6	20.4
NODE_757_length_113_cov_129.055556	1	113	11	113	100	8.27434	33.4	15.5
NODE_758_length_113_cov_59.916667	1	113	4	107	94.6903	2.84071	33.8	24.5
NODE_759_length_113_cov_57.361111	1	113	228	113	100	195.345	34.6	20.1
NODE_760_length_113_cov_53.583333	1	113	91	113	100	76.0177	34.5	12.8
NODE_761_length_113_cov_47.722222	1	113	3	109	96.4602	1.09735	31.1	7.67
NODE_762_length_113_cov_45.777778	1	113	106	113	100	95.4779	35.2	18.5
NODE_763_length_113_cov_42.027778	1	113	3	110	97.3451	1.62832	31	3.33
NODE_765_length_113_cov_41.305556	1	113	70	113	100	61.0885	33.8	28.9
NODE_766_length_113_cov_39.361111	1	113	189	113	100	120.239	34.8	5.07
NODE_767_length_113_cov_29.861111	1	113	29	113	100	16.0442	33.6	2.76
NODE_768_length_112_cov_39.485714	1	112	9	110	98.2143	5.80357	36.2	17.1
NODE_769_length_111_cov_160.147059	1	111	156	111	100	142.108	35.2	25.7
NODE_770_length_111_cov_120.529412	1	111	21	111	100	16.3243	34.5	37.3
NODE_771_length_111_cov_57.029412	1	111	5	102	91.8919	3.08108	35.4	41.6
NODE_772_length_111_cov_48.264706	1	111	25	111	100	17.036	33.2	9.48
NODE_773_length_111_cov_36.235294	1	111	25	111	100	20.6126	33.6	29.1
NODE_774_length_111_cov_22.764706	1	111	645	111	100	610.198	35.3	15.7
NODE_775_length_110_cov_1130.333333	1	110	1126	110	100	1027.13	34.7	18.6
NODE_776_length_110_cov_929.666667	1	110	909	110	100	877.918	35.1	34
NODE_777_length_110_cov_589.696970	1	110	147	110	100	135.773	34	22.1
NODE_778_length_110_cov_319.606061	1	110	361	110	100	322.791	34.5	22.1
NODE_779_length_110_cov_278.515152	1	110	141	110	100	130.745	34.8	23.4
NODE_780_length_110_cov_146.545455	1	110	35	110	100	32.8273	34.4	30.4
NODE_781_length_110_cov_96.727273	1	110	61	110	100	56.4364	34.7	30.8
NODE_782_length_110_cov_77.909091	1	110	106	110	100	94.4636	35.3	22.6
NODE_783_length_110_cov_53.030303	1	110	109	110	100	102.573	34.2	17.1
NODE_784_length_110_cov_38.939394	1	110	17	110	100	11.1545	35.3	13.5
NODE_785_length_110_cov_21.484848	1	110	10	110	100	8.08182	33.6	17.5
NODE_786_length_110_cov_21.424242	1	110	37	110	100	27.8	35.3	10.6
NODE_787_length_110_cov_20.393939	1	110	25	110	100	21.2727	34	13.4
NODE_788_length_109_cov_169.281250	1	109	94	109	100	73.2294	35	10.5
NODE_789_length_109_cov_84.625000	1	109	5	103	94.4954	3.17431	33.9	27.2
NODE_790_length_109_cov_39.906250	1	109	26	109	100	21.0092	35	19
NODE_791_length_108_cov_367.161290	1	108	14	106	98.1481	8.77778	34.4	22.5
NODE_792_length_108_cov_262.290323	1	108	203	108	100	185.898	35.2	21.9
NODE_793_length_108_cov_124.709677	1	108	15	108	100	12.3426	34.1	30.3
NODE_794_length_108_cov_111.193548	1	108	60	108	100	55.1111	35.1	34.9
NODE_795_length_107_cov_630.833333	1	107	133	107	100	119.168	34.3	16.3
NODE_796_length_107_cov_527.400000	1	107	73	107	100	58.5047	34.8	13.2
NODE_797_length_107_cov_300.100000	1	107	131	107	100	121.28	35.1	25
NODE_798_length_107_cov_239.466667	1	107	8	107	100	4.60748	31.6	2.38
NODE_799_length_107_cov_230.566667	1	107	24	107	100	20.5421	34.5	11.1
NODE_800_length_107_cov_215.100000	1	107	73	107	100	68.3084	35.2	13.8
NODE_801_length_107_cov_166.966667	1	107	35	107	100	26.7383	32.9	12.1
NODE_802_length_107_cov_132.100000	1	107	164	107	100	141.121	35	17
NODE_803_length_107_cov_122.833333	1	107	4	100	93.4579	2.90654	32.6	7.5
NODE_804_length_107_cov_101.400000	1	107	1	40	37.3832	0.373832	36.7	0
NODE_805_length_107_cov_68.966667	1	107	103	107	100	99.5047	34.7	19
NODE_806_length_107_cov_60.033333	1	107	26	107	100	21.215	33.2	10.3
NODE_807_length_107_cov_59.500000	1	107	88	107	100	65.1121	35.1	7.64
NODE_808_length_107_cov_28.300000	1	107	10	107	100	8.1215	33.9	11.1
NODE_809_length_107_cov_22.366667	1	107	11	107	100	8.35514	33.7	6.36
NODE_810_length_107_cov_20.166667	1	107	49	107	100	33.2056	34.9	16.8
NODE_811_length_106_cov_1869.965517	1	106	1408	106	100	1351.46	35.1	35.1
NODE_812_length_106_cov_263.793103	1	106	5	104	98.1132	4.16981	33.1	22
NODE_813_length_106_cov_217.103448	1	106	7	106	100	4.25472	33.9	6.14
NODE_814_length_106_cov_54.000000	1	106	30	106	100	26.8019	34.3	17.5
NODE_815_length_105_cov_866.178571	1	105	642	105	100	616.695	34.6	15.5
NODE_816_length_105_cov_126.071429	1	105	14	105	100	8.99048	33.3	12
NODE_817_length_105_cov_47.321429	1	105	42	105	100	32.4952	33.3	12.1
NODE_818_length_104_cov_594.259259	1	104	305	104	100	215.779	34.8	8.97
NODE_819_length_104_cov_578.518519	1	104	210	104	100	128.308	34.7	5.42
NODE_820_length_104_cov_353.925926	1	104	222	104	100	215.654	34.7	28
NODE_821_length_104_cov_330.592593	1	104	239	104	100	231.471	35.1	16.6
NODE_822_length_104_cov_303.888889	1	104	45	104	100	33.5769	35.6	6.84
NODE_823_length_104_cov_272.000000	1	104	46	104	100	40.5577	35.2	17.6
NODE_824_length_104_cov_201.333333	1	104	8	102	98.0769	6.03846	33.6	24.4
NODE_825_length_104_cov_130.037037	1	104	70	104	100	44.8846	33.7	2.61
NODE_826_length_104_cov_125.407407	1	104	19	104	100	10.8558	33.4	1.47
NODE_827_length_104_cov_93.962963	1	104	43	104	100	38.3077	33.9	22.4
NODE_828_length_104_cov_90.222222	1	104	43	104	100	30.4038	34.7	4.6
NODE_829_length_104_cov_68.444444	1	104	4	103	99.0385	3.04808	36.5	10.5
NODE_830_length_103_cov_1341.230769	1	103	306	103	100	281.816	34.7	23.4
NODE_831_length_103_cov_621.346154	1	103	39	103	100	32.9515	35.1	27.8
NODE_832_length_103_cov_500.538462	1	103	47	103	100	40.4951	34.5	28.6
NODE_833_length_103_cov_452.423077	1	103	44	103	100	38.699	34.9	27.2
NODE_834_length_103_cov_235.269231	1	103	254	103	100	242.35	34.7	19.8
NODE_835_length_103_cov_181.000000	1	103	31	103	100	28.3981	33.3	17.5
NODE_836_length_103_cov_148.692308	1	103	117	103	100	110.602	34.6	21.3
NODE_837_length_103_cov_108.423077	1	103	15	81	78.6408	8.80583	35.5	8.87
NODE_838_length_103_cov_83.615385	1	103	54	103	100	46.534	34.7	16
NODE_839_length_103_cov_79.230769	1	103	30	103	100	24.8155	34.8	5.6
NODE_840_length_103_cov_78.384615	1	103	25	103	100	20.3204	33.9	17.2
NODE_841_length_102_cov_707.320000	1	102	394	102	100	381.176	34.7	16.5
NODE_842_length_102_cov_519.720000	1	102	71	102	100	66.402	35.9	41.1
NODE_843_length_102_cov_438.720000	1	102	33	102	100	27.9216	34.8	23.8
NODE_844_length_102_cov_360.800000	1	102	23	102	100	20.5588	34.7	13
NODE_845_length_102_cov_289.880000	1	102	28	102	100	24.2745	34.1	15.2
NODE_846_length_102_cov_222.200000	1	102	25	102	100	21.3725	34	19.8
NODE_847_length_102_cov_174.680000	1	102	5	90	88.2353	3.14706	36.9	19.4
NODE_848_length_102_cov_101.680000	1	102	23	102	100	20.2059	35.1	28.4
NODE_849_length_102_cov_73.760000	1	102	7	102	100	4.69608	34.4	2
NODE_850_length_102_cov_67.760000	1	102	23	102	100	19.8529	34.5	17.3
NODE_851_length_102_cov_60.320000	1	102	14	102	100	11.4706	32.9	21.2
NODE_852_length_102_cov_44.920000	1	102	9	102	100	7.63725	35.7	5.89
NODE_853_length_102_cov_39.720000	1	102	22	102	100	18.3725	34.9	3.64
NODE_854_length_102_cov_36.000000	1	102	18	102	100	10.3529	35	5.22
NODE_855_length_102_cov_32.680000	1	102	4	102	100	2.18627	31.5	1.25
NODE_856_length_102_cov_28.720000	1	102	25	102	100	20.7941	34.3	12
NODE_857_length_101_cov_1601.916667	1	101	154	101	100	139.713	34.6	17.3
NODE_858_length_101_cov_1349.041667	1	101	138	101	100	118.911	35.2	16.2
NODE_859_length_101_cov_888.666667	1	101	245	101	100	224.535	34.9	26.6
NODE_860_length_101_cov_808.958333	1	101	54	101	100	41.198	34.4	24.1
NODE_861_length_101_cov_734.541667	1	101	13	101	100	11.1881	33.6	21.8
NODE_862_length_101_cov_558.083333	1	101	161	101	100	142.317	34.4	8.6
NODE_863_length_101_cov_524.958333	1	101	82	101	100	59.2475	34.2	5.05
NODE_864_length_101_cov_523.500000	1	101	78	101	100	66.901	35.1	7.64
NODE_865_length_101_cov_438.833333	1	101	179	101	100	168.762	35.6	18.3
NODE_866_length_101_cov_404.166667	1	101	121	101	100	86.2673	34.9	7.68
NODE_867_length_101_cov_285.291667	1	101	41	101	100	34.2871	34.7	19
NODE_868_length_101_cov_256.916667	1	101	161	101	100	131.832	35.3	16.6
NODE_869_length_101_cov_217.541667	1	101	145	101	100	140.683	35.3	5.7
NODE_870_length_101_cov_150.166667	1	101	41	101	100	36.7723	34.9	18.6
NODE_871_length_101_cov_98.208333	1	101	66	101	100	37.8911	35.1	10.7
NODE_872_length_101_cov_82.791667	1	101	47	101	100	41.7723	34	11.4
NODE_873_length_101_cov_81.583333	1	101	14	101	100	12.297	32.1	20.3
NODE_874_length_101_cov_41.041667	1	101	4	97	96.0396	2.93069	35.5	20
NODE_875_length_101_cov_40.916667	1	101	32	96	95.0495	20.4752	34.9	2.56
NODE_876_length_101_cov_39.916667	1	101	2	40	39.604	0.762376	30.4	0
NODE_877_length_101_cov_29.583333	1	101	14	101	100	10.2574	31.9	2.43
NODE_878_length_101_cov_28.416667	1	101	35	101	100	24.0594	34.2	5.89
NODE_879_length_100_cov_608.608696	1	100	112	100	100	92.13	33.7	14.8
NODE_880_length_100_cov_306.217391	1	100	125	100	100	114.61	34.3	14.4
NODE_881_length_100_cov_268.086957	1	100	81	100	100	76.58	34.4	25.7
NODE_882_length_100_cov_147.434783	1	100	25	100	100	19.37	35.1	27.2
NODE_883_length_100_cov_133.913043	1	100	34	100	100	31.48	33.7	5.35
NODE_884_length_100_cov_123.130435	1	100	12	100	100	9.49	33.1	15.2
NODE_885_length_99_cov_3299.863636	1	99	167	99	100	111.778	34.5	14
NODE_886_length_99_cov_1160.681818	1	99	89	99	100	69.3939	35.1	16.2
NODE_887_length_99_cov_537.136364	1	99	164	99	100	133.778	34	10.5
NODE_888_length_99_cov_198.227273	1	99	24	99	100	17.8889	35.3	11.9
NODE_889_length_99_cov_176.772727	1	99	17	99	100	13.7273	34.6	22.9
NODE_890_length_99_cov_116.545455	1	99	5	99	100	3.89899	36	19.6
NODE_891_length_99_cov_91.727273	1	99	11	99	100	8.88889	34	19.7
NODE_892_length_99_cov_51.590909	1	99	5	86	86.8687	2.38384	33.7	1.6
NODE_893_length_98_cov_1776.428571	1	98	72	98	100	52.1939	35	14.4
NODE_894_length_98_cov_1307.476190	1	98	403	98	100	362.378	34.6	28.6
NODE_895_length_98_cov_953.857143	1	98	87	98	100	78.9898	34.9	30.4
NODE_896_length_98_cov_939.190476	1	98	125	98	100	101.306	33.5	5.14
NODE_897_length_98_cov_486.761905	1	98	38	98	100	29.4898	32.5	13.5
NODE_898_length_98_cov_434.428571	1	98	63	98	100	50.8265	35.1	7.17
NODE_899_length_98_cov_291.666667	1	98	14	98	100	9.86735	33.8	10.7
NODE_900_length_98_cov_271.619048	1	98	82	98	100	66.602	34.6	23.6
NODE_901_length_98_cov_265.190476	1	98	66	98	100	65.2857	35.7	21.2
NODE_902_length_98_cov_264.000000	1	98	75	98	100	71.2347	33.7	8.61
NODE_903_length_98_cov_214.000000	1	98	14	98	100	11.6327	34	10
NODE_904_length_98_cov_203.904762	1	98	44	98	100	39.2143	34.5	23.3
NODE_905_length_98_cov_185.428571	1	98	9	98	100	7.28571	33.8	1.89
NODE_906_length_98_cov_131.047619	1	98	46	98	100	41.2959	35.1	17.1
NODE_907_length_98_cov_124.380952	1	98	80	98	100	74.9898	34.9	12.9
NODE_908_length_98_cov_120.857143	1	98	3	98	100	2.31633	35.2	3
NODE_909_length_98_cov_116.619048	1	98	39	98	100	27.1224	34.4	18.9
NODE_910_length_98_cov_100.952381	1	98	21	98	100	17.0714	32.7	16.6
NODE_911_length_98_cov_100.809524	1	98	18	98	100	11.5612	34.2	5.22
NODE_912_length_98_cov_93.523810	1	98	34	98	100	27.7245	35.2	20.9
NODE_913_length_98_cov_88.619048	1	98	22	98	100	20	35.2	10.7
NODE_914_length_98_cov_87.238095	1	98	6	98	100	5.32653	35.6	59.3
NODE_915_length_98_cov_65.476190	1	98	1	85	86.7347	0.867347	29.2	0
NODE_916_length_98_cov_64.809524	1	98	7	98	100	5.66327	33.9	7.86
NODE_917_length_98_cov_55.380952	1	98	14	98	100	9.76531	34.6	31
NODE_918_length_98_cov_50.047619	1	98	99	98	100	65.7755	34.2	6.81
NODE_919_length_98_cov_42.190476	1	98	24	82	83.6735	15.0918	34	0.375
NODE_920_length_98_cov_40.666667	1	98	11	98	100	9.0102	34.6	2
NODE_921_length_98_cov_33.523810	1	98	9	98	100	5.41837	32.9	0
NODE_922_length_98_cov_30.619048	1	98	22	98	100	14	34.5	4.18
NODE_923_length_98_cov_25.666667	1	98	23	98	100	20.3367	32.9	3.3
NODE_924_length_97_cov_2898.400000	1	97	103	97	100	72.1134	34.7	14.3
NODE_925_length_97_cov_1218.500000	1	97	36	96	98.9691	22.7938	34.1	8.56
NODE_926_length_97_cov_1000.500000	1	97	152	97	100	141.041	34.3	20.1
NODE_927_length_97_cov_370.800000	1	97	28	97	100	21.1237	34.2	21.1
NODE_928_length_97_cov_184.950000	1	97	45	97	100	44.1031	35.8	16.4
NODE_929_length_97_cov_180.750000	1	97	12	97	100	9.89691	35.3	22.8
NODE_930_length_97_cov_159.550000	1	97	75	97	100	64.2784	33.7	9.68
NODE_931_length_97_cov_125.800000	1	97	23	97	100	22.1134	34.6	21.3
NODE_932_length_97_cov_109.150000	1	97	37	97	100	32.1856	35.1	9.97
NODE_933_length_97_cov_50.350000	1	97	2	55	56.701	1.09278	29.1	0
NODE_934_length_97_cov_43.650000	1	97	1	58	59.7938	0.597938	37	0
NODE_935_length_97_cov_37.950000	1	97	13	97	100	10.866	33.5	8
NODE_936_length_97_cov_37.700000	1	97	2	85	87.6289	1.75258	34.7	0
NODE_937_length_97_cov_35.850000	1	97	18	97	100	14.3608	34.6	23.3
NODE_938_length_97_cov_26.800000	1	97	2	83	85.567	1.71134	35.9	34
NODE_939_length_97_cov_23.700000	1	97	6	97	100	5.05155	32.5	1.83
NODE_940_length_97_cov_23.000000	1	97	24	97	100	13.3299	32.6	0.417
NODE_942_length_96_cov_123.157895	1	96	18	96	100	16.625	34	15.5
NODE_943_length_96_cov_96.947368	1	96	18	96	100	12.7188	34.2	21.2
NODE_944_length_96_cov_38.842105	1	96	5	96	100	3.64583	31.5	18.6
NODE_945_length_96_cov_35.631579	1	96	22	96	100	17.9896	34.2	13.9
NODE_946_length_95_cov_3196.722222	1	95	792	95	100	761.737	35.5	14.3
NODE_947_length_95_cov_2717.555556	1	95	429	95	100	396.2	35.1	12.8
NODE_948_length_95_cov_1453.500000	1	95	85	95	100	71.4632	33.4	16.2
NODE_949_length_95_cov_1304.388889	1	95	589	95	100	578.158	35.3	19.3
NODE_950_length_95_cov_1019.500000	1	95	32	95	100	25.1895	34.1	7.19
NODE_951_length_95_cov_911.444444	1	95	117	95	100	90.7263	34.4	6.42
NODE_952_length_95_cov_760.055556	1	95	63	95	100	47.8211	33.9	8.57
NODE_953_length_95_cov_749.222222	1	95	66	95	100	59.6947	34	21.5
NODE_954_length_95_cov_711.888889	1	95	101	95	100	90.8211	35.4	11.8
NODE_955_length_95_cov_533.777778	1	95	40	95	100	35.1263	33.8	20
NODE_956_length_95_cov_425.111111	1	95	399	95	100	390.526	35.6	14.5
NODE_957_length_95_cov_416.555556	1	95	14	94	98.9474	11.1474	34.9	23.9
NODE_958_length_95_cov_397.277778	1	95	45	95	100	41.1789	34	10.5
NODE_959_length_95_cov_378.222222	1	95	60	95	100	56.7474	34.4	19.9
NODE_960_length_95_cov_357.500000	1	95	25	95	100	19.1684	34.3	14.6
NODE_961_length_95_cov_337.833333	1	95	6	95	100	3.57895	33.6	0
NODE_962_length_95_cov_295.277778	1	95	91	95	100	86.5368	35.2	9
NODE_963_length_95_cov_225.500000	1	95	30	95	100	25.6316	33.8	31.5
NODE_964_length_95_cov_222.666667	1	95	24	95	100	20.5789	33.5	14.7
NODE_965_length_95_cov_199.166667	1	95	48	95	100	45.9368	35.4	12.1
NODE_966_length_95_cov_151.611111	1	95	8	95	100	5.29474	31.5	4.25
NODE_967_length_95_cov_140.333333	1	95	16	95	100	12.8316	34.1	20
NODE_968_length_95_cov_122.833333	1	95	4	87	91.5789	2.66316	35.9	3.25
NODE_969_length_95_cov_106.388889	1	95	29	95	100	19.7474	34.9	2.07
NODE_970_length_95_cov_99.333333	1	95	26	95	100	23.2211	33.5	7.73
NODE_971_length_95_cov_94.166667	1	95	18	95	100	11.1579	33.7	12.5
NODE_972_length_95_cov_92.555556	1	95	6	95	100	4.75789	32.8	17.2
NODE_973_length_95_cov_73.833333	1	95	26	95	100	22.9368	34	12.8
NODE_974_length_95_cov_69.722222	1	95	9	95	100	5.95789	32.6	12.7
NODE_975_length_95_cov_57.388889	1	95	44	95	100	30.5158	33.6	6.07
NODE_976_length_95_cov_56.166667	1	95	31	95	100	18.9158	34.8	2.13
NODE_977_length_95_cov_41.888889	1	95	8	95	100	5.03158	34.1	8.38
NODE_978_length_94_cov_1933.705882	1	94	59	94	100	51.0426	35.3	30.8
NODE_979_length_94_cov_423.058824	1	94	71	94	100	57.1383	34.8	15.1
NODE_980_length_94_cov_262.470588	1	94	6	94	100	4.18085	31.5	1.17
NODE_981_length_94_cov_250.470588	1	94	12	94	100	8.75532	33.7	19.5
NODE_982_length_94_cov_185.235294	1	94	4	70	74.4681	2.25532	34.1	0
NODE_983_length_94_cov_154.058824	1	94	4	94	100	3.53191	35.1	0
NODE_984_length_94_cov_146.705882	1	94	33	94	100	30.6489	34.7	15.5
NODE_985_length_94_cov_133.529412	1	94	7	86	91.4894	4.12766	34.9	2
NODE_986_length_94_cov_107.058824	1	94	12	94	100	8.2234	30.4	3.25
NODE_987_length_94_cov_75.294118	1	94	30	94	100	27.3617	34	10
NODE_988_length_94_cov_64.823529	1	94	21	94	100	20.0532	35.7	15.5
NODE_989_length_93_cov_3138.875000	1	93	427	93	100	377.925	35.2	12
NODE_990_length_93_cov_638.750000	1	93	50	93	100	45.3978	34	23.8
NODE_991_length_93_cov_303.187500	1	93	18	93	100	15.3548	34.9	15.4
NODE_992_length_93_cov_74.375000	1	93	5	93	100	3.68817	30.8	1.2
NODE_993_length_92_cov_3305.400000	1	92	194	92	100	174.272	35.3	11.5
NODE_994_length_92_cov_2134.400000	1	92	137	92	100	127.62	34.4	18.4
NODE_995_length_92_cov_2025.266667	1	92	110	92	100	96.413	33.7	2.66
NODE_996_length_92_cov_1631.266667	1	92	29	92	100	21.5217	33.9	14.5
NODE_997_length_92_cov_1554.333333	1	92	172	92	100	122.435	35.4	1.28
NODE_998_length_92_cov_1211.200000	1	92	45	92	100	38.6957	33.5	25.1
NODE_999_length_92_cov_780.933333	1	92	55	92	100	33.5761	34.8	18.8
NODE_1000_length_92_cov_763.200000	1	92	252	92	100	243.978	35.1	6.73
NODE_1001_length_92_cov_647.400000	1	92	52	92	100	46.2283	33.7	9.38
NODE_1002_length_92_cov_632.933333	1	92	43	92	100	28.1739	33.9	5.98
NODE_1003_length_92_cov_597.066667	1	92	130	92	100	116.098	34.7	2.42
NODE_1004_length_92_cov_575.733333	1	92	38	92	100	28.7935	33.3	15.2
NODE_1005_length_92_cov_529.000000	1	92	224	92	100	211.152	35.5	8.45
NODE_1006_length_92_cov_519.600000	1	92	38	92	100	31.6957	34.1	13.6
NODE_1007_length_92_cov_495.400000	1	92	14	92	100	10.9239	34.4	3.86
NODE_1008_length_92_cov_479.400000	1	92	79	92	100	72.1522	35.2	6.68
NODE_1009_length_92_cov_478.800000	1	92	24	86	93.4783	16.4783	33.9	3.5
NODE_1010_length_92_cov_464.266667	1	92	37	92	100	32.1304	33.8	12.6
NODE_1011_length_92_cov_438.333333	1	92	35	92	100	21.7609	35.6	8.69
NODE_1012_length_92_cov_376.133333	1	92	41	92	100	37.6304	34.3	12.9
NODE_1013_length_92_cov_326.266667	1	92	14	92	100	11.1087	34.5	17
NODE_1014_length_92_cov_318.066667	1	92	15	92	100	11	33.7	24.9
NODE_1015_length_92_cov_308.266667	1	92	5	91	98.913	3.90217	33.6	7.6
NODE_1016_length_92_cov_298.133333	1	92	36	92	100	25.7935	31.9	5.28
NODE_1017_length_92_cov_294.400000	1	92	56	92	100	48.4565	34.9	9.02
NODE_1018_length_92_cov_290.466667	1	92	61	92	100	58.9022	34.6	12.2
NODE_1019_length_92_cov_228.133333	1	92	17	92	100	13.0978	33.4	7.53
NODE_1020_length_92_cov_217.200000	1	92	7	92	100	4.70652	35.9	2
NODE_1021_length_92_cov_164.800000	1	92	24	92	100	22.5761	33.9	11.9
NODE_1023_length_92_cov_124.266667	1	92	7	92	100	3.80435	34.4	3.29
NODE_1024_length_92_cov_119.266667	1	92	5	66	71.7391	3.1413	35.4	1.2
NODE_1025_length_92_cov_102.333333	1	92	4	82	89.1304	1.98913	33.1	0
NODE_1026_length_92_cov_96.866667	1	92	4	91	98.913	2.75	36.5	4.5
NODE_1027_length_92_cov_96.866667	1	92	6	91	98.913	3.78261	30.9	5.83
NODE_1028_length_92_cov_92.266667	1	92	25	92	100	21.587	34.4	11
NODE_1029_length_92_cov_91.866667	1	92	9	92	100	6.97826	32.5	2
NODE_1030_length_92_cov_80.800000	1	92	4	92	100	3.80435	35.6	21.5
NODE_1031_length_92_cov_66.133333	1	92	4	74	80.4348	2.72826	34.2	0
NODE_1032_length_92_cov_54.200000	1	92	4	84	91.3043	3.03261	32.4	10.5
NODE_1033_length_92_cov_41.866667	1	92	4	87	94.5652	3.02174	36.6	4.5
NODE_1034_length_92_cov_36.266667	1	92	13	92	100	10.2065	33.1	8.77
NODE_1035_length_92_cov_35.600000	1	92	9	92	100	7.5	34.2	3.89
NODE_1036_length_92_cov_34.733333	1	92	11	92	100	9.06522	34.9	21.8
NODE_1037_length_92_cov_32.533333	1	92	10	88	95.6522	8.18478	35.7	12.7
NODE_1038_length_91_cov_328.071429	1	91	55	91	100	52.3407	34.9	13.5
NODE_1039_length_91_cov_259.785714	1	91	11	90	98.9011	7.6044	32	0
NODE_1040_length_91_cov_256.714286	1	91	46	91	100	44.6044	34.4	12.7
NODE_1041_length_91_cov_248.071429	1	91	47	91	100	43.7582	33.8	10.4
NODE_1042_length_91_cov_138.785714	1	91	7	91	100	6.6044	35.8	15.3
NODE_1043_length_91_cov_134.642857	1	91	22	91	100	19.3736	35.1	18.3
NODE_1044_length_91_cov_125.428571	1	91	2	80	87.9121	1.28571	34.5	0
NODE_1045_length_91_cov_92.857143	1	91	10	91	100	9.8022	30.7	9.7
NODE_1046_length_90_cov_4459.153846	1	90	77	90	100	66.2111	34.1	9.1
NODE_1047_length_90_cov_1451.153846	1	90	72	90	100	57.7444	34.2	15.3
NODE_1048_length_90_cov_403.000000	1	90	10	90	100	7.78889	35	4
NODE_1049_length_90_cov_386.384615	1	90	100	90	100	94	33.8	15.2
NODE_1050_length_90_cov_314.692308	1	90	24	90	100	20.7	34.6	10.2
NODE_1051_length_90_cov_311.153846	1	90	4	77	85.5556	2.77778	36.6	11
NODE_1052_length_90_cov_298.384615	1	90	6	82	91.1111	4.61111	33.2	4.33
NODE_1053_length_90_cov_295.000000	1	90	9	89	98.8889	6.18889	33.1	2.67
NODE_1054_length_90_cov_247.461538	1	90	22	90	100	19.2556	33.5	10.9
NODE_1055_length_90_cov_211.461538	1	90	6	88	97.7778	5.43333	35.5	3.5
NODE_1056_length_90_cov_149.615385	1	90	2	90	100	2	36.6	5
NODE_1057_length_90_cov_120.307692	1	90	1	42	46.6667	0.466667	36.1	0
NODE_1058_length_90_cov_91.615385	1	90	4	68	75.5556	2.67778	36.7	0
NODE_1059_length_90_cov_76.230769	1	90	5	90	100	4.2	32.7	22.8
NODE_1060_length_89_cov_4449.833333	1	89	193	89	100	158.876	34.2	15.8
NODE_1061_length_89_cov_2749.333333	1	89	86	89	100	72.9888	34.1	5.4
NODE_1062_length_89_cov_2518.333333	1	89	79	89	100	70.1685	34.3	17.5
NODE_1063_length_89_cov_1759.333333	1	89	125	89	100	104.011	34.3	9.66
NODE_1064_length_89_cov_1372.666667	1	89	47	89	100	39.0787	34.4	7.64
NODE_1065_length_89_cov_1243.833333	1	89	116	89	100	95.6742	34.7	14.2
NODE_1066_length_89_cov_1194.083333	1	89	270	89	100	251.82	35	10.8
NODE_1067_length_89_cov_1120.416667	1	89	22	89	100	15.3371	33.1	4.36
NODE_1068_length_89_cov_1088.166667	1	89	124	89	100	114.775	34.7	12.3
NODE_1069_length_89_cov_939.833333	1	89	36	89	100	31.3371	34.7	5.44
NODE_1070_length_89_cov_827.166667	1	89	114	89	100	102.045	34.7	3.4
NODE_1071_length_89_cov_720.750000	1	89	80	89	100	67.382	34.1	12.4
NODE_1072_length_89_cov_645.250000	1	89	68	89	100	55.382	34.2	8.56
NODE_1073_length_89_cov_602.666667	1	89	32	89	100	26.4719	34.1	9.09
NODE_1074_length_89_cov_510.500000	1	89	21	89	100	15.9213	31.5	8.29
NODE_1075_length_89_cov_445.250000	1	89	43	89	100	30.4157	35	19.4
NODE_1076_length_89_cov_410.833333	1	89	22	89	100	17.3034	34.2	18.6
NODE_1077_length_89_cov_400.750000	1	89	13	89	100	11.5955	34.7	11.7
NODE_1078_length_89_cov_360.500000	1	89	10	89	100	7.4382	34.2	15.5
NODE_1079_length_89_cov_334.000000	1	89	38	89	100	35.2697	34.8	3.61
NODE_1080_length_89_cov_330.416667	1	89	27	89	100	20.4045	34.5	3.85
NODE_1081_length_89_cov_324.083333	1	89	64	89	100	58.1461	35.7	8.5
NODE_1082_length_89_cov_289.916667	1	89	11	89	100	8.88764	33.9	1.73
NODE_1083_length_89_cov_289.166667	1	89	16	89	100	10.4494	35	0.562
NODE_1084_length_89_cov_288.500000	1	89	33	89	100	26.7528	34.6	0.909
NODE_1085_length_89_cov_271.250000	1	89	32	89	100	27.9888	34.7	3.66
NODE_1086_length_89_cov_245.166667	1	89	28	89	100	21.0337	35.3	12.6
NODE_1087_length_89_cov_235.666667	1	89	53	89	100	43.6742	34.6	3.98
NODE_1088_length_89_cov_233.500000	1	89	9	89	100	5.98876	31.1	2.67
NODE_1089_length_89_cov_198.666667	1	89	62	89	100	44.2472	35.3	0.581
NODE_1090_length_89_cov_196.916667	1	89	2	86	96.6292	1.93258	35.3	49
NODE_1091_length_89_cov_193.333333	1	89	9	83	93.2584	7.23596	32.7	26.2
NODE_1092_length_89_cov_187.916667	1	89	22	89	100	17	34.5	19.9
NODE_1093_length_89_cov_163.166667	1	89	6	89	100	5.16854	31.7	8
NODE_1094_length_89_cov_140.916667	1	89	23	89	100	16.5618	34.6	10.6
NODE_1095_length_89_cov_136.416667	1	89	32	89	100	17.6629	33.4	1.06
NODE_1096_length_89_cov_130.750000	1	89	40	89	100	35.5955	35.2	5.58
NODE_1098_length_89_cov_122.083333	1	89	5	81	91.0112	3.50562	32.6	0
NODE_1099_length_89_cov_121.833333	1	89	7	81	91.0112	3.77528	30.7	0
NODE_1100_length_89_cov_114.083333	1	89	13	89	100	10.9663	31.8	12.7
NODE_1101_length_89_cov_113.166667	1	89	16	89	100	11.9888	33.2	0.375
NODE_1103_length_89_cov_103.916667	1	89	12	89	100	8.53933	35.1	5.67
NODE_1104_length_89_cov_100.583333	1	89	8	89	100	5.52809	33.6	2.12
NODE_1105_length_89_cov_98.916667	1	89	26	89	100	22.809	35.3	2.54
NODE_1106_length_89_cov_98.250000	1	89	4	89	100	2.21348	34.9	4.25
NODE_1107_length_89_cov_92.750000	1	89	5	89	100	3.48315	36.3	11.2
NODE_1108_length_89_cov_56.083333	1	89	4	87	97.7528	1.89888	34.2	0
NODE_1109_length_89_cov_55.083333	1	89	8	85	95.5056	5.20225	31.7	0
NODE_1110_length_89_cov_41.916667	1	89	9	88	98.8764	5.88764	31	0.444
NODE_1112_length_89_cov_38.750000	1	89	1	47	52.809	0.52809	30.8	15
NODE_1113_length_89_cov_37.833333	1	89	5	89	100	4.10112	36.6	0
NODE_1114_length_89_cov_29.666667	1	89	5	77	86.5169	3.49438	34.7	19.4
NODE_1115_length_89_cov_29.666667	1	89	13	89	100	10.4944	34.2	2.69
NODE_1116_length_88_cov_1677.545455	1	88	58	88	100	40.3523	34.6	8.09
NODE_1117_length_88_cov_897.909091	1	88	66	88	100	43.0682	33.9	18.3
NODE_1118_length_88_cov_583.090909	1	88	22	88	100	16.5227	33.5	7.91
NODE_1119_length_88_cov_328.000000	1	88	24	88	100	18.6705	32.4	5.42
NODE_1120_length_88_cov_322.000000	1	88	28	88	100	26.4091	35.3	7.75
NODE_1121_length_88_cov_267.181818	1	88	3	77	87.5	1.79545	25.4	0
NODE_1122_length_88_cov_252.000000	1	88	12	88	100	10.3295	34.1	12.3
NODE_1123_length_88_cov_191.909091	1	88	12	87	98.8636	9.79545	34.5	11.1
NODE_1124_length_88_cov_148.818182	1	88	4	88	100	3.07955	29.1	0
NODE_1125_length_88_cov_110.090909	1	88	7	88	100	4.95455	28.4	0
NODE_1126_length_88_cov_67.909091	1	88	10	88	100	8.25	33.4	8.9
NODE_1127_length_88_cov_36.272727	1	88	2	79	89.7727	1.79545	33.9	45
NODE_1128_length_87_cov_1416.400000	1	87	15	87	100	10.3908	33.7	7.6
NODE_1129_length_87_cov_406.900000	1	87	12	87	100	10.7931	31.4	19.7
NODE_1130_length_87_cov_357.300000	1	87	21	87	100	15.0115	34.8	0.0952
NODE_1131_length_87_cov_169.500000	1	87	12	87	100	11.4368	34.9	6
NODE_1132_length_87_cov_161.200000	1	87	2	78	89.6552	1.7931	36.9	9
NODE_1133_length_87_cov_134.700000	1	87	51	87	100	37.4023	34.4	13.6
NODE_1134_length_87_cov_111.100000	1	87	9	80	91.954	4.31034	34.2	12.1
NODE_1135_length_87_cov_103.400000	1	87	1	34	39.0805	0.390805	36.6	0
NODE_1136_length_87_cov_50.600000	1	87	28	87	100	22.6322	34.6	0.679
NODE_1137_length_86_cov_8080.444444	1	86	150	86	100	134.674	34.6	10.2
NODE_1138_length_86_cov_3741.444444	1	86	103	86	100	82.093	33.8	9.12
NODE_1139_length_86_cov_2118.888889	1	86	95	86	100	83.0116	35.3	4.42
NODE_1140_length_86_cov_1883.333333	1	86	36	85	98.8372	24.8837	34.9	12.9
NODE_1141_length_86_cov_1846.222222	1	86	158	86	100	126.581	34.2	5.3
NODE_1142_length_86_cov_1714.222222	1	86	62	86	100	49.0581	35.1	9.61
NODE_1143_length_86_cov_1635.444444	1	86	82	86	100	63.5465	33.8	1.12
NODE_1144_length_86_cov_1141.888889	1	86	28	86	100	24.2442	34.2	8.11
NODE_1145_length_86_cov_1071.444444	1	86	209	86	100	144.256	34.5	4.2
NODE_1146_length_86_cov_1052.666667	1	86	124	86	100	103.686	35	5.04
NODE_1147_length_86_cov_952.333333	1	86	18	86	100	13.3953	33.7	1.67
NODE_1148_length_86_cov_702.333333	1	86	47	86	100	45.5116	34.9	6.72
NODE_1149_length_86_cov_691.111111	1	86	20	86	100	15.5698	33.9	8.7
NODE_1150_length_86_cov_677.222222	1	86	40	86	100	30.1279	35.7	4.05
NODE_1151_length_86_cov_670.333333	1	86	12	86	100	10.5	36.8	12.2
NODE_1152_length_86_cov_655.666667	1	86	33	79	91.8605	21.7791	35.3	0.303
NODE_1153_length_86_cov_652.888889	1	86	52	86	100	35.8372	34.9	5.52
NODE_1154_length_86_cov_623.222222	1	86	98	86	100	69.2558	35.2	2.85
NODE_1155_length_86_cov_573.222222	1	86	33	86	100	24.7791	34.6	0.939
NODE_1156_length_86_cov_519.888889	1	86	43	86	100	35.2209	35	5.65
NODE_1157_length_86_cov_468.666667	1	86	4	86	100	3.77907	30.9	14.5
NODE_1158_length_86_cov_442.222222	1	86	16	86	100	12.814	35.2	6.56
NODE_1159_length_86_cov_425.222222	1	86	21	86	100	15.186	34.7	0.19
NODE_1160_length_86_cov_398.777778	1	86	41	86	100	23.6163	34.8	15.1
NODE_1161_length_86_cov_380.000000	1	86	3	86	100	2.83721	31.5	26.7
NODE_1162_length_86_cov_365.666667	1	86	32	86	100	22.907	34	10.9
NODE_1163_length_86_cov_357.555556	1	86	46	86	100	33.5	34.5	11
NODE_1164_length_86_cov_336.333333	1	86	1	71	82.5581	0.825581	34.2	0
NODE_1165_length_86_cov_334.777778	1	86	33	86	100	24.907	34.6	1.36
NODE_1166_length_86_cov_323.777778	1	86	1	36	41.8605	0.418605	37	0
NODE_1167_length_86_cov_319.000000	1	86	8	86	100	6.25581	32.4	0
NODE_1168_length_86_cov_296.666667	1	86	90	86	100	61.8721	34.8	3.84
NODE_1169_length_86_cov_277.333333	1	86	70	86	100	67.4884	33.6	3.77
NODE_1170_length_86_cov_242.222222	1	86	26	86	100	16.6395	34.7	11.4
NODE_1171_length_86_cov_200.333333	1	86	42	86	100	22.1395	34.8	24.3
NODE_1172_length_86_cov_186.555556	1	86	4	80	93.0233	2.48837	32.9	30
NODE_1173_length_86_cov_181.222222	1	86	3	86	100	2.89535	29	9.33
NODE_1174_length_86_cov_179.000000	1	86	9	86	100	6.82558	36.6	11.1
NODE_1175_length_86_cov_176.000000	1	86	10	84	97.6744	7.27907	35.1	0
NODE_1176_length_86_cov_151.666667	1	86	2	86	100	1.39535	30.5	0
NODE_1177_length_86_cov_149.777778	1	86	1	41	47.6744	0.476744	26.8	0
NODE_1178_length_86_cov_141.888889	1	86	9	86	100	7.33721	34.5	4.22
NODE_1179_length_86_cov_129.111111	1	86	5	86	100	3.06977	31.8	1.2
NODE_1180_length_86_cov_127.000000	1	86	40	86	100	31.5698	34.7	0.4
NODE_1181_length_86_cov_107.888889	1	86	14	86	100	10.6744	33.3	4.36
NODE_1182_length_86_cov_106.333333	1	86	3	82	95.3488	2.69767	35.8	12
NODE_1183_length_86_cov_99.555556	1	86	3	81	94.186	2.44186	36.3	2
NODE_1184_length_86_cov_99.444444	1	86	16	86	100	8.86047	32.6	1.94
NODE_1185_length_86_cov_98.222222	1	86	5	76	88.3721	3.75581	36.1	19
NODE_1186_length_86_cov_84.444444	1	86	12	75	87.2093	5.93023	36.5	0
NODE_1187_length_86_cov_74.888889	1	86	12	80	93.0233	8.34884	35.2	0.167
NODE_1188_length_86_cov_56.888889	1	86	2	86	100	1.56977	28.9	5.5
NODE_1189_length_86_cov_47.555556	1	86	3	66	76.7442	1.31395	34	0
NODE_1190_length_86_cov_31.666667	1	86	3	86	100	2.7907	32.6	31
NODE_1191_length_86_cov_21.000000	1	86	6	84	97.6744	3.55814	34.5	1.83
NODE_1192_length_85_cov_1251.500000	1	85	16	85	100	14.4118	33	3.88
NODE_1193_length_85_cov_600.875000	1	85	8	85	100	6.52941	36.5	23.5
NODE_1194_length_85_cov_578.250000	1	85	20	79	92.9412	15.3529	35.2	11.5
NODE_1195_length_85_cov_477.250000	1	85	8	85	100	6.47059	35.3	8.38
NODE_1196_length_85_cov_364.875000	1	85	30	85	100	23.6588	34.5	9.83
NODE_1197_length_85_cov_337.500000	1	85	13	85	100	9.63529	35.5	2.62
NODE_1198_length_85_cov_296.125000	1	85	23	85	100	17.9882	32.6	8.96
NODE_1199_length_85_cov_292.125000	1	85	94	85	100	66.2471	34.5	19.1
NODE_1200_length_85_cov_179.750000	1	85	24	85	100	21.0824	33.4	1.67
NODE_1201_length_85_cov_90.625000	1	85	4	74	87.0588	2.48235	36.5	29.8
NODE_1202_length_85_cov_57.625000	1	85	7	70	82.3529	3.57647	35	9.86
NODE_1203_length_84_cov_6374.285714	1	84	83	84	100	64.7857	34.4	7.88
NODE_1204_length_84_cov_1879.142857	1	84	26	84	100	16.0476	34.5	0.769
NODE_1205_length_84_cov_1792.571429	1	84	88	84	100	60.1667	34.1	6.77
NODE_1206_length_84_cov_1372.714286	1	84	24	84	100	16.8929	33.6	0.458
NODE_1207_length_84_cov_407.000000	1	84	38	84	100	29.0119	34.1	0.763
NODE_1208_length_84_cov_335.714286	1	84	41	84	100	35.5952	34.3	1.63
NODE_1209_length_84_cov_282.285714	1	84	9	84	100	8.59524	34.9	32.9
NODE_1210_length_84_cov_241.142857	1	84	15	84	100	11.5238	35.6	16.7
NODE_1211_length_84_cov_200.857143	1	84	3	69	82.1429	1.7619	34.6	0
NODE_1212_length_84_cov_174.857143	1	84	12	83	98.8095	6.85714	32.3	0
NODE_1213_length_84_cov_171.571429	1	84	4	84	100	3.30952	35.4	14
NODE_1214_length_84_cov_166.000000	1	84	5	84	100	3.71429	34.5	0
NODE_1216_length_84_cov_22.000000	1	84	3	84	100	2.64286	30.9	8.33
NODE_1217_length_83_cov_7736.833333	1	83	168	83	100	118.614	33.4	10.7
NODE_1218_length_83_cov_5499.833333	1	83	42	83	100	30.0602	33.9	3.19
NODE_1219_length_83_cov_2964.833333	1	83	175	83	100	146.759	34.6	2.45
NODE_1220_length_83_cov_2585.166667	1	83	52	83	100	43.6506	35	3.56
NODE_1221_length_83_cov_2332.500000	1	83	27	83	100	20.1928	33.6	1.85
NODE_1222_length_83_cov_2326.333333	1	83	98	83	100	83.1928	34.4	4.36
NODE_1223_length_83_cov_1446.000000	1	83	130	83	100	120.036	34.8	6.56
NODE_1224_length_83_cov_1405.333333	1	83	33	83	100	28.7108	34.9	4.67
NODE_1225_length_83_cov_1261.166667	1	83	132	83	100	116.855	34.7	9.01
NODE_1226_length_83_cov_1197.000000	1	83	49	83	100	43.4699	34.1	2.8
NODE_1227_length_83_cov_1129.166667	1	83	84	83	100	77.4699	35.3	4.89
NODE_1228_length_83_cov_1013.333333	1	83	2	71	85.5422	1.6988	33.8	0
NODE_1229_length_83_cov_990.333333	1	83	6	68	81.9277	3.71084	33.8	5.5
NODE_1230_length_83_cov_984.666667	1	83	23	83	100	16.3494	33.9	0.261
NODE_1231_length_83_cov_968.166667	1	83	37	83	100	25.5904	33.6	4.51
NODE_1232_length_83_cov_692.166667	1	83	17	83	100	14.4096	34.6	0.882
NODE_1233_length_83_cov_691.333333	1	83	43	83	100	30.0602	35	3.74
NODE_1234_length_83_cov_659.000000	1	83	39	83	100	36.5422	34.4	10.4
NODE_1235_length_83_cov_601.666667	1	83	14	83	100	10.0602	30.7	2.14
NODE_1236_length_83_cov_502.666667	1	83	25	83	100	17.1687	33.7	7.8
NODE_1237_length_83_cov_489.833333	1	83	13	82	98.7952	7.81928	34.2	14.4
NODE_1238_length_83_cov_486.666667	1	83	68	83	100	54.0482	34.5	0.176
NODE_1239_length_83_cov_467.500000	1	83	8	83	100	7.40964	35	0
NODE_1240_length_83_cov_446.333333	1	83	34	83	100	32.0602	33.9	7.18
NODE_1241_length_83_cov_399.166667	1	83	55	83	100	45.8072	34.6	8.53
NODE_1242_length_83_cov_385.666667	1	83	4	83	100	4	36.9	16.5
NODE_1243_length_83_cov_382.000000	1	83	27	83	100	21.8072	35.2	4.63
NODE_1244_length_83_cov_349.833333	1	83	4	80	96.3855	2.3012	31.7	0
NODE_1245_length_83_cov_340.166667	1	83	9	83	100	8.57831	36	16.1
NODE_1246_length_83_cov_331.000000	1	83	27	83	100	20.8675	35.1	2.7
NODE_1247_length_83_cov_329.833333	1	83	26	83	100	22.1687	33.6	0.923
NODE_1248_length_83_cov_278.166667	1	83	4	82	98.7952	3.85542	36.3	28.8
NODE_1249_length_83_cov_265.833333	1	83	2	57	68.6747	1.09639	33.5	0
NODE_1250_length_83_cov_206.000000	1	83	20	83	100	15.8313	35.3	3.9
NODE_1251_length_83_cov_192.833333	1	83	18	82	98.7952	13.0843	33.9	5.56
NODE_1252_length_83_cov_191.333333	1	83	15	83	100	12.6988	33.9	6.8
NODE_1253_length_83_cov_189.166667	1	83	26	83	100	17.1325	34.5	0
NODE_1254_length_83_cov_184.833333	1	83	14	83	100	10.2048	33	9.29
NODE_1255_length_83_cov_175.000000	1	83	10	76	91.5663	6.42169	34	0
NODE_1256_length_83_cov_155.666667	1	83	19	83	100	13.0361	34.5	2.58
NODE_1257_length_83_cov_147.333333	1	83	86	76	91.5663	65	34.4	9.33
NODE_1258_length_83_cov_141.333333	1	83	4	81	97.5904	3.13253	34.6	1
NODE_1259_length_83_cov_130.500000	1	83	4	59	71.0843	2.28916	34.7	0
NODE_1261_length_83_cov_114.333333	1	83	13	78	93.9759	6.92771	34.2	0
NODE_1262_length_83_cov_107.166667	1	83	19	83	100	13.9277	33.6	1.47
NODE_1263_length_83_cov_104.500000	1	83	4	79	95.1807	3.45783	35.2	3
NODE_1264_length_83_cov_93.833333	1	83	22	83	100	14.9518	32.4	0
NODE_1266_length_83_cov_68.166667	1	83	6	82	98.7952	3.27711	30.4	0
NODE_1267_length_83_cov_59.333333	1	83	5	81	97.5904	4.59036	35	4.6
NODE_1268_length_83_cov_58.833333	1	83	17	83	100	13.5542	35	4.82
NODE_1269_length_83_cov_55.833333	1	83	7	83	100	3.85542	32.3	0
NODE_1271_length_83_cov_49.833333	1	83	2	62	74.6988	1.45783	31.1	0
NODE_1273_length_83_cov_49.333333	1	83	1	62	74.6988	0.746988	36.6	0
NODE_1275_length_83_cov_43.333333	1	83	6	75	90.3614	4	33.8	0
NODE_1276_length_83_cov_37.833333	1	83	2	81	97.5904	1.95181	36.7	18
NODE_1277_length_83_cov_36.500000	1	83	2	67	80.7229	1.20482	32.3	0
NODE_1278_length_83_cov_32.000000	1	83	1	56	67.4699	0.674699	27.2	45
NODE_1279_length_82_cov_404.000000	1	82	3	79	96.3415	1.96341	30.6	0
NODE_1280_length_82_cov_313.000000	1	82	9	82	100	7.9878	34.2	12.1
NODE_1281_length_82_cov_313.000000	1	82	6	82	100	3.65854	32.5	0
NODE_1282_length_82_cov_235.200000	1	82	5	81	98.7805	3.96341	35.8	0
NODE_1283_length_82_cov_205.400000	1	82	2	75	91.4634	1.12195	32.9	0
NODE_1284_length_82_cov_148.000000	1	82	7	80	97.561	5.32927	34.3	0.286
NODE_1285_length_82_cov_123.000000	1	82	4	65	79.2683	2.4878	34.7	0
NODE_1286_length_82_cov_117.000000	1	82	5	79	96.3415	3.81707	33	0
NODE_1287_length_82_cov_114.000000	1	82	9	82	100	5.90244	32.8	2.56
NODE_1289_length_82_cov_70.200000	1	82	4	82	100	3.10976	33.8	25.2
NODE_1290_length_81_cov_2172.500000	1	81	59	81	100	38.2963	34.6	2.19
NODE_1291_length_81_cov_2058.500000	1	81	25	81	100	20.5802	34	4.28
NODE_1292_length_81_cov_695.000000	1	81	32	81	100	25.6296	34.3	3.56
NODE_1293_length_81_cov_441.000000	1	81	12	81	100	9.19753	28.2	0.25
NODE_1294_length_81_cov_402.250000	1	81	12	81	100	9.38272	35.3	1.75
NODE_1295_length_81_cov_215.500000	1	81	7	81	100	6.08642	36.2	6.29
NODE_1296_length_81_cov_206.000000	1	81	7	81	100	4.38272	32.6	0
NODE_1297_length_80_cov_7500.666667	1	80	44	80	100	32.375	32.5	2.25
NODE_1298_length_80_cov_6458.666667	1	80	89	80	100	69.175	33.7	5.25
NODE_1299_length_80_cov_3377.333333	1	80	220	80	100	190.6	34.7	1.6
NODE_1300_length_80_cov_2024.333333	1	80	16	80	100	13.2625	34.6	1.88
NODE_1301_length_80_cov_2023.333333	1	80	65	80	100	54.5875	33.6	0.0769
NODE_1302_length_80_cov_1809.000000	1	80	10	80	100	7.3	33.4	0
NODE_1303_length_80_cov_1752.333333	1	80	49	79	98.75	41.475	34.5	3.18
NODE_1304_length_80_cov_1453.666667	1	80	7	73	91.25	5.1	34.5	0
NODE_1305_length_80_cov_1259.666667	1	80	11	80	100	8.2375	32.7	0
NODE_1306_length_80_cov_1146.333333	1	80	64	80	100	47.3	35.1	0.172
NODE_1307_length_80_cov_1082.000000	1	80	5	80	100	4.1125	35.2	7.2
NODE_1308_length_80_cov_1049.666667	1	80	63	80	100	48.7375	35.6	4.02
NODE_1309_length_80_cov_1035.333333	1	80	6	80	100	4.95	33.4	0.167
NODE_1310_length_80_cov_1022.333333	1	80	76	80	100	52.1125	34.8	14.1
NODE_1311_length_80_cov_994.333333	1	80	10	80	100	7.575	32.8	0
NODE_1312_length_80_cov_987.000000	1	80	3	80	100	2.95	34.2	0
NODE_1313_length_80_cov_719.000000	1	80	7	79	98.75	5.075	35.9	4
NODE_1314_length_80_cov_596.666667	1	80	3	79	98.75	2.35	36	10
NODE_1316_length_80_cov_468.333333	1	80	11	67	83.75	8.1125	35.9	0
NODE_1317_length_80_cov_467.666667	1	80	7	80	100	5.1875	35.3	0
NODE_1318_length_80_cov_445.666667	1	80	5	80	100	4.325	33.2	5.2
NODE_1319_length_80_cov_443.000000	1	80	2	71	88.75	0.9875	35.4	0
NODE_1320_length_80_cov_430.000000	1	80	2	80	100	1.5875	29.2	0
NODE_1321_length_80_cov_421.333333	1	80	9	79	98.75	5.5	35.4	0
NODE_1322_length_80_cov_406.333333	1	80	18	80	100	14.8625	34	8
NODE_1323_length_80_cov_389.000000	1	80	3	69	86.25	2.3	36.5	0
NODE_1324_length_80_cov_381.000000	1	80	11	58	72.5	7.4375	35.3	0
NODE_1325_length_80_cov_366.333333	1	80	36	80	100	29.75	35.2	1.86
NODE_1326_length_80_cov_360.000000	1	80	5	78	97.5	3.675	32.8	0
NODE_1327_length_80_cov_346.666667	1	80	2	77	96.25	1.0625	34.8	0.5
NODE_1328_length_80_cov_345.000000	1	80	3	80	100	2.6125	35.6	19.3
NODE_1329_length_80_cov_318.333333	1	80	4	67	83.75	2.325	37	0
NODE_1330_length_80_cov_312.666667	1	80	12	80	100	9.2125	35.4	3.92
NODE_1331_length_80_cov_291.333333	1	80	5	63	78.75	3.225	33.9	0
NODE_1332_length_80_cov_275.333333	1	80	4	80	100	2.825	34.9	0
NODE_1333_length_80_cov_275.000000	1	80	8	79	98.75	4.225	31.9	0
NODE_1334_length_80_cov_236.333333	1	80	3	75	93.75	2.05	36.5	0
NODE_1335_length_80_cov_227.666667	1	80	21	79	98.75	16.5125	35.1	2.33
NODE_1336_length_80_cov_200.666667	1	80	5	80	100	3.125	33	0
NODE_1337_length_80_cov_187.000000	1	80	3	70	87.5	1.8125	32.5	0
NODE_1339_length_80_cov_179.666667	1	80	8	79	98.75	5.3	33.9	1.25
NODE_1340_length_80_cov_179.000000	1	80	2	60	75	1.5	36.7	0
NODE_1341_length_80_cov_172.333333	1	80	27	80	100	18.3875	35.4	10.9
NODE_1342_length_80_cov_169.666667	1	80	2	67	83.75	1.4375	36.9	0
NODE_1343_length_80_cov_169.000000	1	80	1	54	67.5	0.675	31.3	0
NODE_1344_length_80_cov_168.333333	1	80	3	75	93.75	2.2625	34.8	0
NODE_1345_length_80_cov_167.000000	1	80	52	79	98.75	39.2375	35.5	0.231
NODE_1346_length_80_cov_144.333333	1	80	2	80	100	1.9375	34.7	0
NODE_1347_length_80_cov_134.666667	1	80	3	68	85	1.9625	36.5	0
NODE_1348_length_80_cov_134.000000	1	80	7	77	96.25	4.9125	32.3	0
NODE_1349_length_80_cov_122.666667	1	80	13	76	95	10.375	35.5	0
NODE_1351_length_80_cov_108.000000	1	80	3	56	70	1.975	36.4	0
NODE_1352_length_80_cov_107.000000	1	80	15	80	100	13.025	35.4	0
NODE_1353_length_80_cov_93.666667	1	80	1	34	42.5	0.425	35.6	0
NODE_1354_length_80_cov_93.333333	1	80	5	67	83.75	3.1125	36.4	0
NODE_1355_length_80_cov_80.000000	1	80	3	67	83.75	2.05	35.2	0
NODE_1357_length_80_cov_78.666667	1	80	20	80	100	15.6625	33.5	0
NODE_1358_length_80_cov_74.000000	1	80	5	71	88.75	3.7875	34.1	0
NODE_1359_length_80_cov_73.000000	1	80	10	80	100	7.0875	34.5	0
NODE_1360_length_80_cov_71.000000	1	80	24	80	100	20.05	33.9	0
NODE_1361_length_80_cov_62.000000	1	80	3	68	85	2.2625	32.4	0
NODE_1362_length_80_cov_41.666667	1	80	1	39	48.75	0.4875	36.7	0
NODE_1364_length_80_cov_40.666667	1	80	2	60	75	1.0375	28.9	0
NODE_1366_length_80_cov_35.666667	1	80	3	71	88.75	2.25	36.5	0
NODE_1367_length_80_cov_32.000000	1	80	7	78	97.5	4.2125	36.1	0
NODE_1368_length_80_cov_27.333333	1	80	3	63	78.75	2.0625	27.4	0
NODE_1369_length_80_cov_26.000000	1	80	22	78	97.5	12.575	35.7	29.9
NODE_1370_length_80_cov_18.666667	1	80	5	80	100	3.1625	33.6	0
NODE_1371_length_80_cov_18.333333	1	80	3	80	100	1.9375	34.9	0
NODE_1373_length_79_cov_6428.500000	1	79	127	79	100	71.9747	34.7	14.1
NODE_1374_length_79_cov_2968.000000	1	79	47	79	100	37.9494	33	11.1
NODE_1375_length_79_cov_2882.500000	1	79	25	79	100	18.9367	36	2.4
NODE_1376_length_79_cov_1437.000000	1	79	12	79	100	7.27848	32.7	1.75
NODE_1377_length_79_cov_1265.000000	1	79	6	79	100	4.96203	34	0
NODE_1378_length_79_cov_1232.500000	1	79	16	79	100	12.6076	34	0
NODE_1379_length_79_cov_926.500000	1	79	20	79	100	15.3924	35.8	12.8
NODE_1380_length_79_cov_859.000000	1	79	155	79	100	101.367	35.2	6.97
NODE_1381_length_79_cov_678.000000	1	79	23	60	75.9494	15.9873	35.3	10.8
NODE_1382_length_79_cov_414.000000	1	79	35	79	100	28.3418	34.3	0
NODE_1383_length_79_cov_368.500000	1	79	2	70	88.6076	1.59494	33.8	0
NODE_1384_length_79_cov_346.000000	1	79	1	71	89.8734	0.898734	33.1	0
NODE_1385_length_79_cov_295.000000	1	79	1	79	100	1	28.5	0
NODE_1386_length_79_cov_291.000000	1	79	6	70	88.6076	4.98734	35.3	0
NODE_1387_length_79_cov_273.000000	1	79	2	76	96.2025	1.91139	36.3	3.5
NODE_1388_length_79_cov_260.000000	1	79	17	79	100	12.9873	35.1	0
NODE_1389_length_79_cov_256.000000	1	79	10	77	97.4684	8.31646	34.1	4.4
NODE_1390_length_79_cov_245.500000	1	79	8	79	100	6.34177	35.1	2
NODE_1391_length_79_cov_218.000000	1	79	13	79	100	10.0127	34.3	0
NODE_1392_length_79_cov_175.000000	1	79	13	79	100	7.41772	33.8	0
NODE_1393_length_79_cov_172.000000	1	79	4	70	88.6076	2.39241	35.3	0
NODE_1394_length_79_cov_135.500000	1	79	3	59	74.6835	1.63291	33	0
NODE_1395_length_79_cov_119.000000	1	79	6	73	92.4051	3.70886	34.5	5.83
NODE_1396_length_79_cov_117.500000	1	79	12	79	100	8.98734	34.3	0
NODE_1397_length_79_cov_110.500000	1	79	2	57	72.1519	1.32911	36.2	0
NODE_1398_length_79_cov_102.500000	1	79	5	79	100	3.68354	35.7	0
NODE_1399_length_79_cov_99.500000	1	79	3	59	74.6835	1.92405	36.4	0
NODE_1400_length_79_cov_98.000000	1	79	1	55	69.6203	0.696203	34.5	0
NODE_1402_length_79_cov_84.000000	1	79	2	59	74.6835	1.46835	35.8	0
NODE_1403_length_79_cov_79.000000	1	79	9	79	100	6.41772	32.3	0
NODE_1405_length_79_cov_62.000000	1	79	4	73	92.4051	3.17722	32.6	0
NODE_1406_length_79_cov_40.500000	1	79	6	79	100	3.20253	34.7	2.33
NODE_1407_length_79_cov_38.500000	1	79	15	79	100	12.4557	34.4	0
NODE_1408_length_79_cov_37.500000	1	79	1	46	58.2278	0.582278	35.6	0
NODE_1409_length_78_cov_15709.000000	1	78	13	78	100	9.62821	28.5	0
NODE_1410_length_78_cov_4139.000000	1	78	22	78	100	14.7564	33.9	0.409
NODE_1411_length_78_cov_3025.000000	1	78	17	78	100	10.9744	35.3	2
NODE_1412_length_78_cov_1629.000000	1	78	30	78	100	17.7051	34.8	0
NODE_1413_length_78_cov_1352.000000	1	78	7	74	94.8718	5.37179	32.2	0
NODE_1414_length_78_cov_1111.000000	1	78	6	78	100	4.62821	34.4	9.67
NODE_1415_length_78_cov_1044.000000	1	78	4	78	100	3.91026	35.5	0
NODE_1416_length_78_cov_952.000000	1	78	100592	78	100	80743	31.7	37.9
NODE_1417_length_78_cov_718.000000	1	78	26	73	93.5897	20.2821	33.6	1.73
NODE_1418_length_78_cov_332.000000	1	78	9	78	100	7.16667	35.2	0
NODE_1419_length_78_cov_313.000000	1	78	7	75	96.1538	5.53846	33.8	0
NODE_1420_length_78_cov_177.000000	1	78	3	61	78.2051	1.96154	36.1	0
NODE_1421_length_78_cov_167.000000	1	78	6	66	84.6154	4.23077	33.5	0
NODE_1422_length_78_cov_165.000000	1	78	1	35	44.8718	0.448718	37	0
NODE_173_length_282_cov_1.082927	1	282	0	0	0	0	0	0
NODE_239_length_260_cov_1.038251	1	260	0	0	0	0	0	0
NODE_306_length_249_cov_1.279070	1	249	0	0	0	0	0	0
NODE_315_length_247_cov_1.111765	1	247	0	0	0	0	0	0
NODE_331_length_244_cov_1.143713	1	244	0	0	0	0	0	0
NODE_388_length_237_cov_1.118750	1	237	0	0	0	0	0	0
NODE_425_length_233_cov_1.166667	1	233	0	0	0	0	0	0
NODE_426_length_233_cov_1.057692	1	233	0	0	0	0	0	0
NODE_452_length_230_cov_1.130719	1	230	0	0	0	0	0	0
NODE_764_length_113_cov_41.888889	1	113	0	0	0	0	0	0
NODE_941_length_96_cov_257.947368	1	96	0	0	0	0	0	0
NODE_1022_length_92_cov_132.266667	1	92	0	0	0	0	0	0
NODE_1097_length_89_cov_130.583333	1	89	0	0	0	0	0	0
NODE_1102_length_89_cov_107.000000	1	89	0	0	0	0	0	0
NODE_1111_length_89_cov_39.250000	1	89	0	0	0	0	0	0
NODE_1215_length_84_cov_40.000000	1	84	0	0	0	0	0	0
NODE_1260_length_83_cov_120.666667	1	83	0	0	0	0	0	0
NODE_1265_length_83_cov_70.333333	1	83	0	0	0	0	0	0
NODE_1270_length_83_cov_54.333333	1	83	0	0	0	0	0	0
NODE_1272_length_83_cov_49.500000	1	83	0	0	0	0	0	0
NODE_1274_length_83_cov_44.500000	1	83	0	0	0	0	0	0
NODE_1288_length_82_cov_77.200000	1	82	0	0	0	0	0	0
NODE_1315_length_80_cov_578.333333	1	80	0	0	0	0	0	0
NODE_1338_length_80_cov_185.333333	1	80	0	0	0	0	0	0
NODE_1350_length_80_cov_120.666667	1	80	0	0	0	0	0	0
NODE_1356_length_80_cov_79.000000	1	80	0	0	0	0	0	0
NODE_1363_length_80_cov_41.000000	1	80	0	0	0	0	0	0
NODE_1365_length_80_cov_39.000000	1	80	0	0	0	0	0	0
NODE_1372_length_80_cov_7.666667	1	80	0	0	0	0	0	0
NODE_1401_length_79_cov_95.500000	1	79	0	0	0	0	0	0
NODE_1404_length_79_cov_63.000000	1	79	0	0	0	0	0	0
