#rname	startpos	endpos	numreads	covbases	coverage	meandepth	meanbaseq	meanmapq
NODE_1_length_1135694_cov_40.711655	1	1135694	637536	1135694	100	84.0516	35.1	59.9
NODE_2_length_848616_cov_41.091892	1	848616	480542	848616	100	84.8085	35.1	59.9
NODE_3_length_740508_cov_42.191475	1	740508	430566	740508	100	87.0955	35.1	59.9
NODE_4_length_642962_cov_42.570146	1	642962	377197	642962	100	87.8457	35.1	59.9
NODE_5_length_640604_cov_42.359298	1	640604	374296	640604	100	87.4742	35.1	59.9
NODE_6_length_557703_cov_43.064916	1	557703	333885	557630	99.9869	89.5928	35.1	59.8
NODE_7_length_544070_cov_40.786922	1	544070	305823	544070	100	84.1788	35.1	59.9
NODE_8_length_530757_cov_39.900049	1	530757	291605	530757	100	82.2927	35.1	59.9
NODE_9_length_476298_cov_41.262578	1	476298	270847	476298	100	85.1555	35.1	59.9
NODE_10_length_449187_cov_42.079181	1	449187	260675	449187	100	86.8774	35.1	60
NODE_11_length_433264_cov_41.358739	1	433264	246261	433261	99.9993	85.1236	35.1	59.9
NODE_12_length_368608_cov_40.552854	1	368608	205997	368608	100	83.686	35.1	59.9
NODE_13_length_362955_cov_43.033527	1	362955	215155	362955	100	88.8082	35.1	60
NODE_14_length_337229_cov_42.364812	1	337229	196371	337229	100	87.1943	35.1	59.9
NODE_15_length_294507_cov_42.407873	1	294507	172287	294507	100	87.5673	35.1	59.9
NODE_16_length_287450_cov_41.582271	1	287450	164609	287445	99.9983	85.7731	35.1	59.9
NODE_17_length_284143_cov_40.545239	1	284143	158561	284143	100	83.6167	35.1	59.9
NODE_18_length_230432_cov_43.934948	1	230432	139144	230432	100	90.4733	35.1	59.9
NODE_19_length_228371_cov_43.506084	1	228371	135309	228371	100	88.593	35.1	59.3
NODE_20_length_209863_cov_44.662528	1	209863	130642	209863	100	93.2358	35.1	59.6
NODE_21_length_188953_cov_43.808366	1	188953	113988	188953	100	90.3684	35.1	60
NODE_22_length_178321_cov_41.349162	1	178321	101619	178321	100	85.3339	35.1	59.9
NODE_23_length_166506_cov_39.449195	1	166506	90459	166506	100	81.3778	35.1	59.9
NODE_24_length_157916_cov_41.746546	1	157916	91053	157916	100	86.2708	35.1	59.9
NODE_25_length_134160_cov_40.887846	1	134160	75625	134160	100	84.421	35.1	59.9
NODE_26_length_118845_cov_40.499638	1	118845	66241	118845	100	83.4824	35.1	59.9
NODE_27_length_91049_cov_43.674284	1	91049	54768	91049	100	90.0859	35.1	59.9
NODE_28_length_87725_cov_41.847629	1	87725	50538	87725	100	86.2503	35.1	60
NODE_29_length_83310_cov_41.079187	1	83310	46919	83310	100	84.3467	35.1	59.8
NODE_30_length_83094_cov_41.387812	1	83094	47362	83094	100	85.3848	35.1	60
NODE_31_length_78615_cov_47.066452	1	78615	67377	78615	100	127.298	35	56.1
NODE_32_length_71019_cov_44.349948	1	71019	44651	71019	100	93.8378	35.1	59.2
NODE_33_length_46399_cov_45.886274	1	46399	29249	46399	100	94.2996	35.1	59.8
NODE_34_length_40180_cov_41.072214	1	40180	22780	40180	100	84.7298	35.1	59.8
NODE_35_length_34254_cov_45.186295	1	34254	23788	34254	100	96.5158	35.1	53.8
NODE_36_length_30489_cov_48.465902	1	30489	20416	30489	100	100.027	35.1	59.5
NODE_37_length_26805_cov_522.434301	1	26805	197677	26805	100	1090.8	35.2	59.9
NODE_38_length_19354_cov_49.044509	1	19354	13051	19354	100	100.644	35.2	59.6
NODE_39_length_19276_cov_47.293922	1	19276	14617	19276	100	112.625	35	56.9
NODE_40_length_15682_cov_49.042486	1	15682	10588	15682	100	100.828	35.1	59.8
NODE_41_length_11544_cov_64.987878	1	11544	13049	11544	100	165.204	34.8	53.4
NODE_42_length_9834_cov_66.294763	1	9834	15815	9834	100	231.234	35.1	54.1
NODE_43_length_9009_cov_58.535602	1	9009	14245	9009	100	230.588	34.7	49.6
NODE_44_length_7946_cov_47.644173	1	7946	5186	7946	100	97.6154	35.1	59.6
NODE_45_length_6631_cov_75.706744	1	6631	6408	6631	100	142.51	34.7	43.3
NODE_46_length_5830_cov_50.469842	1	5830	4067	5830	100	103.858	35.1	58
NODE_47_length_4289_cov_59.323124	1	4289	4228	4289	100	142.269	35	51.3
NODE_48_length_3802_cov_53.340671	1	3802	2754	3802	100	108.088	35.1	59.6
NODE_49_length_3799_cov_836.691026	1	3799	43188	3799	100	1698.29	35.1	59.8
NODE_50_length_2247_cov_52.255300	1	2247	1567	2247	100	104.263	35.1	59.6
NODE_51_length_2139_cov_784.294859	1	2139	22600	2139	100	1572.67	35	59.7
NODE_52_length_1992_cov_65.391645	1	1992	2143	1992	100	160.512	35.3	56.6
NODE_53_length_1834_cov_47.914058	1	1834	1170	1834	100	94.7688	35	59.4
NODE_54_length_1754_cov_722.815742	1	1754	17112	1754	100	1438.48	34.9	59.6
NODE_55_length_1404_cov_706.650339	1	1404	12981	1404	100	1374.07	35.1	59.6
NODE_56_length_1250_cov_88.463768	1	1250	4125	1250	100	482.454	34.7	45.1
NODE_57_length_1245_cov_799.905822	1	1245	13024	1245	100	1550.21	35.1	59.4
NODE_58_length_1223_cov_269.010471	1	1223	4388	1223	100	526.527	34.8	35.2
NODE_59_length_1223_cov_69.092496	1	1223	1162	1223	100	141.823	35.1	58.1
NODE_60_length_1051_cov_81.445585	1	1051	1094	1051	100	154.652	35.2	59.7
NODE_61_length_1049_cov_46.293210	1	1049	685	1049	100	92.4824	34.9	55.3
NODE_62_length_1007_cov_98.755914	1	1007	1294	1007	100	189.486	35.1	55.5
NODE_63_length_917_cov_1.566667	1	917	18	917	100	2.96401	35.3	60
NODE_64_length_870_cov_47.364439	1	870	514	870	100	87.3586	35.2	58.7
NODE_65_length_840_cov_1.454784	1	840	15	840	100	2.69643	35.1	60
NODE_66_length_818_cov_55.242915	1	818	621	818	100	111.328	35.1	56
NODE_67_length_776_cov_1.703863	1	776	18	776	100	3.50258	34.1	60
NODE_68_length_751_cov_92.062315	1	751	874	751	100	170.955	35.2	58.7
NODE_69_length_702_cov_1.606400	1	702	14	702	100	3.0114	34.6	60
NODE_70_length_687_cov_71.534426	1	687	639	687	100	137.63	35.3	57.9
NODE_71_length_621_cov_1.029412	1	621	8	621	100	1.9211	34.9	60
NODE_72_length_620_cov_777.149171	1	620	5863	620	100	1394.52	35	59.2
NODE_73_length_585_cov_1.366142	1	585	10	585	100	2.5812	35.6	60
NODE_74_length_583_cov_71.428854	1	583	641	583	100	160.895	34.9	53.2
NODE_75_length_581_cov_2.015873	1	581	15	581	100	3.89845	34.4	60
NODE_76_length_546_cov_754.245203	1	546	5013	546	100	1341.93	35	58.8
NODE_77_length_541_cov_1.534483	1	541	10	541	100	2.79113	34.1	60
NODE_78_length_527_cov_1.315556	1	527	9	527	100	2.50474	35	60
NODE_79_length_524_cov_62.369128	1	524	954	524	100	268.223	34.6	49.9
NODE_80_length_523_cov_550.621076	1	523	3743	523	100	1059.55	35.2	54.5
NODE_81_length_512_cov_1.494253	1	512	10	512	100	2.94922	33.6	60
NODE_82_length_511_cov_300.605991	1	511	2615	511	100	741.297	34.7	35.6
NODE_83_length_508_cov_1.440835	1	508	10	508	100	2.77953	34.5	60
NODE_84_length_503_cov_1.570423	1	503	10	503	100	3.00199	34.6	60
NODE_85_length_499_cov_2.078199	1	499	12	499	100	3.63126	34.8	60
NODE_86_length_491_cov_76.881643	1	491	500	491	100	151.468	34.8	53.7
NODE_87_length_486_cov_1.882641	1	486	11	486	100	3.4177	34.6	60
NODE_88_length_485_cov_85.389706	1	485	479	485	100	143.441	34.8	58.6
NODE_89_length_475_cov_99.103015	1	475	535	475	100	165.402	35.5	59.4
NODE_90_length_456_cov_1.171504	1	456	6	456	100	1.98684	36	60
NODE_91_length_454_cov_0.981432	1	454	5	454	100	1.663	36.6	60
NODE_92_length_451_cov_1.184492	1	451	6	451	100	2.00887	36.2	60
NODE_93_length_450_cov_1.458445	1	450	8	450	100	2.68444	35.3	60
NODE_94_length_449_cov_88.688172	1	449	456	449	100	148.915	35.2	59.3
NODE_95_length_445_cov_1.608696	1	445	8	445	100	2.71461	33.7	60
NODE_96_length_440_cov_147.418733	1	440	778	440	100	242.736	34.3	42.4
NODE_97_length_440_cov_1.586777	1	440	9	440	100	3.08864	35.2	60
NODE_98_length_437_cov_139.311111	1	437	747	437	100	242.979	34.6	56.4
NODE_99_length_429_cov_0.840909	1	429	4	429	100	1.40793	36.3	60
NODE_100_length_422_cov_1.515942	1	422	8	422	100	2.86256	34.7	60
NODE_101_length_416_cov_0.887906	1	416	6	416	100	2.03606	33.3	60
NODE_102_length_409_cov_1.560241	1	409	8	409	100	2.83619	35	60
NODE_103_length_406_cov_0.899696	1	406	4	406	100	1.48768	35.3	60
NODE_104_length_405_cov_1.585366	1	405	8	405	100	2.85679	33.2	60
NODE_105_length_404_cov_110.006116	1	404	518	404	100	185.817	34.5	39.9
NODE_106_length_402_cov_89.510769	1	402	463	402	100	167.59	35.2	54.7
NODE_107_length_398_cov_1.021807	1	398	5	398	100	1.89698	34.7	60
NODE_108_length_397_cov_99.475000	1	397	644	397	100	232.355	34.5	49.8
NODE_109_length_396_cov_1.855799	1	396	8	396	100	3.05051	36	60
NODE_110_length_395_cov_515.062893	1	395	2245	395	100	784.304	34.3	34.3
NODE_111_length_395_cov_0.889937	1	395	4	395	100	1.52911	34.9	60
NODE_112_length_389_cov_67.855769	1	389	285	389	100	107.576	35	59.5
NODE_113_length_388_cov_2.379421	1	388	10	388	100	3.89175	36.2	60
NODE_114_length_383_cov_645.395425	1	383	3172	383	100	1208.89	35.2	56.4
NODE_115_length_376_cov_660.625418	1	376	2717	376	100	1044.62	34.7	58.3
NODE_116_length_371_cov_46.792517	1	371	160	371	100	64.4474	35.3	56.8
NODE_117_length_362_cov_41.705263	1	362	137	362	100	55.3785	35.4	51.7
NODE_118_length_358_cov_1.053381	1	358	4	358	100	1.68715	35.4	60
NODE_119_length_357_cov_80.857143	1	357	307	357	100	125.129	34.7	59.1
NODE_120_length_356_cov_787.992832	1	356	3124	356	100	1267.86	34.7	58.5
NODE_121_length_352_cov_547.774545	1	352	2256	352	100	909.102	35.2	55.3
NODE_122_length_346_cov_135.185874	1	346	656	346	100	265.185	34.8	54.8
NODE_123_length_346_cov_2.066914	1	346	8	346	100	3.48555	34.7	60
NODE_124_length_346_cov_1.925651	1	346	8	346	100	3.13873	35	57.5
NODE_125_length_345_cov_73.511194	1	345	271	345	100	113.304	35.4	58.8
NODE_126_length_343_cov_1067.048872	1	343	3917	343	100	1661.6	35	58
NODE_127_length_341_cov_160.147727	1	341	724	341	100	300.971	34.6	51.4
NODE_128_length_336_cov_1.714286	1	336	6	336	100	2.69643	33.9	60
NODE_129_length_333_cov_101.800781	1	333	372	333	100	155.435	35.4	56.2
NODE_130_length_332_cov_1.160784	1	332	4	332	100	1.81928	34.7	60
NODE_131_length_329_cov_1.761905	1	329	6	329	100	2.7538	35.8	60
NODE_132_length_327_cov_2.664000	1	327	9	327	100	4.15596	35.6	60
NODE_133_length_326_cov_1609.887550	1	326	5666	326	100	2529.74	34.8	36.8
NODE_134_length_319_cov_1.219008	1	319	4	319	100	1.89342	35.9	60
NODE_135_length_318_cov_1.842324	1	318	6	318	100	2.84906	36.2	60
NODE_136_length_318_cov_1.228216	1	318	4	318	100	1.89937	36.4	60
NODE_137_length_318_cov_0.850622	1	318	44	318	100	15.0786	35	53
NODE_138_length_312_cov_1.880851	1	312	6	312	100	2.90385	34.8	60
NODE_139_length_309_cov_756.318966	1	309	2363	309	100	1102.83	34.9	57.9
NODE_140_length_307_cov_77.439130	1	307	250	307	100	117.397	34.9	53.4
NODE_141_length_307_cov_46.804348	1	307	133	307	100	63.7622	35.4	59.1
NODE_142_length_305_cov_2.921053	1	305	9	305	100	4.45574	35.5	60
NODE_143_length_305_cov_1.622807	1	305	5	305	100	2.47541	36.6	60
NODE_144_length_300_cov_1.139013	1	300	11	300	100	3.36333	35.6	47.3
NODE_145_length_299_cov_90.252252	1	299	285	299	100	136.311	35.3	58.5
NODE_146_length_299_cov_1.531532	1	299	5	299	100	2.52508	35.3	60
NODE_147_length_294_cov_1.364055	1	294	4	294	100	2.05442	36.7	60
NODE_148_length_293_cov_86.217593	1	293	267	293	100	129.089	35.1	57.9
NODE_149_length_292_cov_1.376744	1	292	4	292	100	2.06849	36.5	60
NODE_150_length_289_cov_1.716981	1	289	5	289	100	2.61246	34.9	60
NODE_151_length_289_cov_1.396226	1	289	4	289	100	2.08997	36	60
NODE_152_length_288_cov_1.402844	1	288	4	288	100	2.09722	34.8	60
NODE_153_length_288_cov_1.289100	1	288	4	288	100	2.09722	33.6	60
NODE_154_length_284_cov_1.304348	1	284	4	284	100	2.12676	34.1	60
NODE_155_length_283_cov_1.436893	1	283	4	283	100	2.13428	36.6	60
NODE_156_length_282_cov_280.253659	1	282	976	282	100	492.16	35.1	39.8
NODE_157_length_281_cov_97.279412	1	281	1618	281	100	807.708	34.4	38.1
NODE_158_length_281_cov_0.725490	1	281	2	281	100	1.07473	36.4	60
NODE_159_length_280_cov_2.187192	1	280	6	280	100	3.23571	34.5	60
NODE_160_length_279_cov_1.465347	1	279	4	279	100	2.16487	36.7	60
NODE_161_length_279_cov_1.282178	1	279	4	279	100	2.16487	34.7	60
NODE_162_length_278_cov_89.870647	1	278	740	278	100	370.723	34.5	45.7
NODE_163_length_278_cov_0.736318	1	278	2	278	100	1.08633	35.6	60
NODE_164_length_278_cov_0.736318	1	278	2	278	100	1.08633	36.4	60
NODE_165_length_278_cov_0.736318	1	278	2	278	100	1.08633	36.7	60
NODE_166_length_277_cov_1.110000	1	277	3	277	100	1.63538	33.5	60
NODE_167_length_277_cov_0.740000	1	277	2	277	100	1.09025	36.6	60
NODE_168_length_275_cov_45.641414	1	275	123	275	100	62.6073	34.4	55.9
NODE_169_length_275_cov_2.606061	1	275	14	275	100	5.16727	33.9	55.7
NODE_170_length_275_cov_1.863636	1	275	5	275	100	2.74182	34.3	60
NODE_171_length_275_cov_1.494949	1	275	4	275	100	2.19636	35.2	60
NODE_172_length_274_cov_0.751269	1	274	2	274	100	1.10219	36.6	60
NODE_173_length_274_cov_0.736041	1	274	2	274	100	1.10219	34.2	60
NODE_174_length_273_cov_0.755102	1	273	2	273	100	1.10623	34	60
NODE_175_length_273_cov_0.755102	1	273	2	273	100	1.10623	36.5	60
NODE_176_length_273_cov_0.755102	1	273	2	273	100	1.10623	35.7	60
NODE_177_length_273_cov_0.755102	1	273	2	273	100	1.10623	36.4	60
NODE_178_length_273_cov_0.755102	1	273	2	273	100	1.10623	34.5	60
NODE_179_length_272_cov_1.097436	1	272	4	272	100	2.22059	33.6	60
NODE_180_length_272_cov_0.758974	1	272	2	272	100	1.11029	34	60
NODE_181_length_272_cov_0.758974	1	272	2	272	100	1.11029	36.3	60
NODE_182_length_272_cov_0.758974	1	272	2	272	100	1.11029	30.9	60
NODE_183_length_272_cov_0.758974	1	272	2	272	100	1.11029	34.8	60
NODE_184_length_272_cov_0.758974	1	272	2	272	100	1.11029	36.2	60
NODE_185_length_271_cov_1.525773	1	271	4	271	100	2.22878	35.9	60
NODE_186_length_271_cov_0.762887	1	271	2	271	100	1.11439	35.7	60
NODE_187_length_271_cov_0.762887	1	271	2	271	100	1.11439	36.3	60
NODE_188_length_271_cov_0.762887	1	271	2	271	100	1.11439	35.2	60
NODE_189_length_271_cov_0.762887	1	271	2	271	100	1.11439	36.6	60
NODE_190_length_271_cov_0.762887	1	271	2	271	100	1.11439	33.7	60
NODE_191_length_271_cov_0.762887	1	271	2	271	100	1.11439	33	60
NODE_192_length_270_cov_0.766839	1	270	2	270	100	1.11852	35.5	60
NODE_193_length_270_cov_0.766839	1	270	2	270	100	1.11852	36.5	60
NODE_194_length_268_cov_1.549738	1	268	4	268	100	2.25373	36.2	60
NODE_195_length_266_cov_511.873016	1	266	1631	266	100	875.023	35.2	44.8
NODE_196_length_266_cov_50.957672	1	266	168	266	100	90.2368	35.3	43.7
NODE_197_length_266_cov_0.783069	1	266	2	266	100	1.13534	33.8	60
NODE_198_length_265_cov_0.787234	1	265	2	265	100	1.13962	35.6	60
NODE_199_length_264_cov_0.893048	1	264	3	264	100	1.68939	32.2	60
NODE_200_length_264_cov_0.791444	1	264	2	264	100	1.14394	36.5	60
NODE_201_length_264_cov_0.791444	1	264	2	264	100	1.14394	35.7	60
NODE_202_length_264_cov_0.791444	1	264	2	264	100	1.14394	36.2	60
NODE_203_length_263_cov_0.795699	1	263	2	263	100	1.14829	33.8	60
NODE_204_length_263_cov_0.795699	1	263	2	263	100	1.14829	34.4	60
NODE_205_length_263_cov_0.795699	1	263	2	263	100	1.14829	36.6	60
NODE_206_length_263_cov_0.795699	1	263	2	263	100	1.14829	35.6	60
NODE_207_length_262_cov_1.102703	1	262	4	262	100	2.30534	34.2	60
NODE_208_length_262_cov_0.800000	1	262	2	262	100	1.15267	36.5	60
NODE_209_length_262_cov_0.800000	1	262	2	262	100	1.15267	29.9	60
NODE_210_length_262_cov_0.740541	1	262	2	262	100	1.15267	33.3	60
NODE_211_length_261_cov_2.413043	1	261	6	261	100	3.47126	35.5	60
NODE_212_length_260_cov_0.808743	1	260	2	260	100	1.16154	35.9	60
NODE_213_length_260_cov_0.808743	1	260	2	260	100	1.16154	35.7	60
NODE_214_length_260_cov_0.808743	1	260	2	260	100	1.16154	36.5	60
NODE_215_length_260_cov_0.808743	1	260	2	260	100	1.16154	36.6	60
NODE_216_length_260_cov_0.710383	1	260	2	260	100	1.16154	32.6	60
NODE_217_length_259_cov_289.901099	1	259	662	259	100	365.031	34.9	45.9
NODE_218_length_259_cov_141.302198	1	259	339	259	100	188.598	35.5	57.6
NODE_219_length_259_cov_0.813187	1	259	2	259	100	1.16602	34.5	60
NODE_220_length_258_cov_0.817680	1	258	2	258	100	1.17054	36.4	60
NODE_221_length_258_cov_0.790055	1	258	2	258	100	1.17054	31.4	60
NODE_222_length_257_cov_1.061111	1	257	3	257	100	1.76265	35.4	60
NODE_223_length_257_cov_0.822222	1	257	2	257	100	1.1751	36.6	60
NODE_224_length_257_cov_0.822222	1	257	2	257	100	1.1751	35.7	60
NODE_225_length_257_cov_0.822222	1	257	2	257	100	1.1751	33.4	60
NODE_226_length_256_cov_1.653631	1	256	4	256	100	2.35938	36.4	60
NODE_227_length_256_cov_1.111732	1	256	3	256	100	1.76953	34.7	60
NODE_228_length_256_cov_0.826816	1	256	2	256	100	1.17969	36.4	60
NODE_229_length_255_cov_1.662921	1	255	4	255	100	2.36863	35.8	60
NODE_230_length_255_cov_1.662921	1	255	5	255	100	2.52157	34.9	60
NODE_231_length_255_cov_0.960674	1	255	4	255	100	1.79216	35.9	60
NODE_232_length_255_cov_0.831461	1	255	2	255	100	1.18431	35.5	60
NODE_233_length_255_cov_0.831461	1	255	2	255	100	1.18431	35.4	60
NODE_234_length_255_cov_0.831461	1	255	2	255	100	1.18431	36.4	60
NODE_235_length_255_cov_0.831461	1	255	2	255	100	1.18431	36.8	60
NODE_236_length_255_cov_0.831461	1	255	2	255	100	1.18431	36.4	60
NODE_237_length_255_cov_0.730337	1	255	2	255	100	1.18431	34.5	60
NODE_238_length_254_cov_0.836158	1	254	2	254	100	1.18898	34.6	60
NODE_239_length_254_cov_0.813559	1	254	2	254	100	1.18898	36.3	60
NODE_240_length_253_cov_313.585227	1	253	1242	253	100	515.759	35.1	37.3
NODE_241_length_253_cov_1.681818	1	253	7	253	100	2.78261	35.9	60
NODE_242_length_253_cov_0.840909	1	253	4	253	100	2.38735	30.7	60
NODE_243_length_253_cov_0.840909	1	253	2	253	100	1.19368	35.8	60
NODE_244_length_253_cov_0.840909	1	253	2	253	100	1.19368	36.5	60
NODE_245_length_253_cov_0.755682	1	253	2	253	100	1.19368	34.4	60
NODE_246_length_252_cov_2.531429	1	252	6	252	100	3.59524	35.4	60
NODE_247_length_252_cov_0.845714	1	252	2	252	100	1.19841	36.6	60
NODE_248_length_252_cov_0.845714	1	252	2	252	100	1.19841	34.6	60
NODE_249_length_252_cov_0.845714	1	252	2	252	100	1.19841	36.7	60
NODE_250_length_252_cov_0.845714	1	252	2	252	100	1.19841	36.5	60
NODE_251_length_252_cov_0.714286	1	252	2	252	100	1.19841	31.3	60
NODE_252_length_251_cov_1.701149	1	251	4	251	100	2.40637	35.4	60
NODE_253_length_251_cov_1.701149	1	251	4	251	100	2.40637	35.8	60
NODE_254_length_251_cov_0.850575	1	251	2	251	100	1.20319	34.4	60
NODE_255_length_251_cov_0.850575	1	251	2	251	100	1.20319	36.4	60
NODE_256_length_251_cov_0.850575	1	251	2	251	100	1.20319	34	60
NODE_257_length_251_cov_0.850575	1	251	2	251	100	1.20319	36.4	60
NODE_258_length_250_cov_1.658960	1	250	6	250	100	2.676	35.8	40.3
NODE_259_length_250_cov_0.855491	1	250	2	250	100	1.208	36.8	60
NODE_260_length_250_cov_0.855491	1	250	2	250	100	1.208	36	60
NODE_261_length_250_cov_0.855491	1	250	2	250	100	1.208	36.4	60
NODE_262_length_250_cov_0.855491	1	250	2	250	100	1.208	36.2	60
NODE_263_length_250_cov_0.815029	1	250	2	250	100	1.208	32	60
NODE_264_length_250_cov_0.647399	1	250	4	250	100	1.464	36.1	60
NODE_265_length_249_cov_1.290698	1	249	4	249	100	2.38554	33.4	60
NODE_266_length_249_cov_0.860465	1	249	2	249	100	1.21285	36.3	60
NODE_267_length_249_cov_0.860465	1	249	2	249	100	1.21285	34.6	60
NODE_268_length_249_cov_0.860465	1	249	2	249	100	1.21285	33.8	60
NODE_269_length_249_cov_0.744186	1	249	2	249	100	1.21285	34.9	60
NODE_270_length_246_cov_0.875740	1	246	2	246	100	1.22764	33.8	60
NODE_271_length_246_cov_0.875740	1	246	2	246	100	1.22764	36.1	60
NODE_272_length_246_cov_0.875740	1	246	2	246	100	1.22764	36.5	60
NODE_273_length_246_cov_0.875740	1	246	2	246	100	1.22764	35.9	60
NODE_274_length_245_cov_2.642857	1	245	8	245	100	3.96735	32.3	60
NODE_275_length_245_cov_0.880952	1	245	2	245	100	1.23265	35.8	60
NODE_276_length_245_cov_0.880952	1	245	2	245	100	1.23265	36	60
NODE_277_length_245_cov_0.880952	1	245	2	245	100	1.23265	36.8	60
NODE_278_length_245_cov_0.880952	1	245	2	245	100	1.23265	35.7	60
NODE_279_length_244_cov_0.886228	1	244	2	244	100	1.2377	35.8	60
NODE_280_length_244_cov_0.886228	1	244	2	244	100	1.2377	36.8	60
NODE_281_length_244_cov_0.706587	1	244	2	244	100	1.2377	33.6	60
NODE_282_length_243_cov_54.632530	1	243	483	243	100	286.412	34.7	40.9
NODE_283_length_243_cov_1.415663	1	243	8	243	100	3.107	35.6	51.8
NODE_284_length_243_cov_1.349398	1	243	4	243	100	2.4856	35.5	60
NODE_285_length_243_cov_0.891566	1	243	2	243	100	1.2428	36.5	60
NODE_286_length_243_cov_0.789157	1	243	2	243	100	1.2428	35.8	60
NODE_287_length_242_cov_0.896970	1	242	2	242	100	1.24793	36.2	60
NODE_288_length_242_cov_0.896970	1	242	2	242	100	1.24793	36.7	60
NODE_289_length_242_cov_0.896970	1	242	2	242	100	1.24793	36.7	60
NODE_290_length_242_cov_0.884848	1	242	4	242	100	2.18595	28.8	48
NODE_291_length_241_cov_0.902439	1	241	2	241	100	1.25311	35.8	60
NODE_292_length_241_cov_0.902439	1	241	2	241	100	1.25311	36.1	60
NODE_293_length_241_cov_0.902439	1	241	2	241	100	1.25311	36.3	60
NODE_294_length_241_cov_0.902439	1	241	2	241	100	1.25311	36.3	60
NODE_295_length_241_cov_0.902439	1	241	4	241	100	1.44398	35.6	60
NODE_296_length_241_cov_0.902439	1	241	2	241	100	1.25311	32.6	60
NODE_297_length_241_cov_0.902439	1	241	2	241	100	1.25311	36.6	60
NODE_298_length_240_cov_1.361963	1	240	3	240	100	1.8875	36.2	60
NODE_299_length_240_cov_0.907975	1	240	2	240	100	1.25833	36.6	60
NODE_300_length_240_cov_0.907975	1	240	2	240	100	1.25833	36	60
NODE_301_length_240_cov_0.852761	1	240	2	240	100	1.25833	34.8	60
NODE_302_length_239_cov_0.913580	1	239	2	239	100	1.2636	36.7	60
NODE_303_length_239_cov_0.913580	1	239	2	239	100	1.2636	35.7	60
NODE_304_length_239_cov_0.913580	1	239	2	239	100	1.2636	35	60
NODE_305_length_238_cov_398.596273	1	238	1070	238	100	642.109	34.4	50.3
NODE_306_length_238_cov_0.919255	1	238	2	238	100	1.26891	36.3	60
NODE_307_length_237_cov_105.443750	1	237	142	237	100	85.8987	35	43.8
NODE_308_length_237_cov_31.250000	1	237	39	237	100	22.5359	36	43.7
NODE_309_length_237_cov_0.925000	1	237	2	237	100	1.27426	36.1	60
NODE_310_length_237_cov_0.925000	1	237	2	237	100	1.27426	36.8	60
NODE_311_length_237_cov_0.925000	1	237	2	237	100	1.27426	36.2	60
NODE_312_length_237_cov_0.925000	1	237	2	237	100	1.27426	36	60
NODE_313_length_237_cov_0.925000	1	237	2	237	100	1.27426	36.3	60
NODE_314_length_237_cov_0.925000	1	237	2	237	100	1.27426	34.5	60
NODE_315_length_236_cov_1.276730	1	236	314	236	100	181.53	34.5	32.2
NODE_316_length_236_cov_0.930818	1	236	2	236	100	1.27966	34.4	60
NODE_317_length_236_cov_0.874214	1	236	2	236	100	1.27966	35.3	60
NODE_318_length_236_cov_0.805031	1	236	3	236	100	1.44068	34.7	60
NODE_319_length_236_cov_0.748428	1	236	2	236	100	1.27966	35.1	60
NODE_320_length_236_cov_0.723270	1	236	2	236	100	1.27966	34.6	60
NODE_321_length_235_cov_0.936709	1	235	2	235	100	1.28511	36.7	60
NODE_322_length_235_cov_0.936709	1	235	2	235	100	1.28511	36.2	60
NODE_323_length_235_cov_0.936709	1	235	2	235	100	1.28511	36.5	60
NODE_324_length_235_cov_0.936709	1	235	4	235	100	2.04681	34.2	58.5
NODE_325_length_235_cov_0.936709	1	235	2	235	100	1.28511	35.9	60
NODE_326_length_235_cov_0.822785	1	235	2	235	100	1.28511	32.4	60
NODE_327_length_234_cov_1.885350	1	234	4	234	100	2.5812	34.1	60
NODE_328_length_234_cov_0.942675	1	234	2	234	100	1.2906	36.8	60
NODE_329_length_234_cov_0.942675	1	234	6	234	100	2.78632	36.3	57.5
NODE_330_length_234_cov_0.942675	1	234	2	234	100	1.2906	36.3	60
NODE_331_length_234_cov_0.942675	1	234	2	234	100	1.2906	36.5	60
NODE_332_length_234_cov_0.942675	1	234	2	234	100	1.2906	36.3	60
NODE_333_length_234_cov_0.783439	1	234	2	234	100	1.2906	35.1	60
NODE_334_length_233_cov_1.500000	1	233	4	233	100	2.59227	34	60
NODE_335_length_233_cov_1.294872	1	233	135	233	100	81.7339	33.9	24.9
NODE_336_length_233_cov_0.948718	1	233	2	233	100	1.29614	36.4	60
NODE_337_length_233_cov_0.948718	1	233	2	233	100	1.29614	33.6	60
NODE_338_length_233_cov_0.846154	1	233	2	233	100	1.29614	33.8	60
NODE_339_length_232_cov_408.587097	1	232	1162	232	100	707.599	35.1	50.4
NODE_340_length_232_cov_2.864516	1	232	6	232	100	3.90517	36.3	60
NODE_341_length_232_cov_1.909677	1	232	4	232	100	2.60345	35.9	60
NODE_342_length_232_cov_0.954839	1	232	2	232	100	1.30172	36.4	60
NODE_343_length_232_cov_0.954839	1	232	2	232	100	1.30172	36.1	60
NODE_344_length_232_cov_0.954839	1	232	2	232	100	1.30172	36.2	60
NODE_345_length_232_cov_0.954839	1	232	2	232	100	1.30172	36.6	60
NODE_346_length_232_cov_0.954839	1	232	2	232	100	1.30172	36.3	60
NODE_347_length_231_cov_0.961039	1	231	2	231	100	1.30736	36.4	60
NODE_348_length_231_cov_0.961039	1	231	2	231	100	1.30736	36.4	60
NODE_349_length_231_cov_0.961039	1	231	2	231	100	1.30736	34.9	60
NODE_350_length_231_cov_0.961039	1	231	2	231	100	1.30736	36.1	60
NODE_351_length_231_cov_0.961039	1	231	2	231	100	1.30736	36.4	60
NODE_352_length_230_cov_50.562092	1	230	66	230	100	41.5783	35.7	40.4
NODE_353_length_230_cov_2.901961	1	230	6	230	100	3.93913	36	60
NODE_354_length_230_cov_0.967320	1	230	2	230	100	1.31304	34.9	60
NODE_355_length_230_cov_0.967320	1	230	2	230	100	1.31304	35.7	60
NODE_356_length_230_cov_0.856209	1	230	4	230	100	1.8913	36.4	60
NODE_357_length_230_cov_0.830065	1	230	2	230	100	1.31304	34.2	60
NODE_358_length_230_cov_0.790850	1	230	2	230	100	1.31304	35.1	60
NODE_359_length_230_cov_0.633987	1	230	6	230	100	2.11304	35.9	41.7
NODE_360_length_229_cov_1.947368	1	229	4	229	100	2.63755	36.4	60
NODE_361_length_229_cov_0.973684	1	229	2	229	100	1.31878	35.8	60
NODE_362_length_229_cov_0.973684	1	229	2	229	100	1.31878	36.1	60
NODE_363_length_229_cov_0.973684	1	229	2	229	100	1.31878	36.7	60
NODE_364_length_229_cov_0.973684	1	229	2	229	100	1.31878	36.6	60
NODE_365_length_229_cov_0.973684	1	229	2	229	100	1.31878	34.4	60
NODE_366_length_226_cov_56.234899	1	226	37	225	99.5575	23.7257	35.6	41.1
NODE_367_length_224_cov_328.646259	1	224	513	224	100	326.411	35.2	49.3
NODE_368_length_220_cov_61.258741	1	220	136	220	100	82.7773	34.8	48.5
NODE_369_length_220_cov_38.552448	1	220	51	220	100	32.9	35.2	39.7
NODE_370_length_219_cov_226.169014	1	219	456	219	100	285.557	34.7	47.6
NODE_371_length_214_cov_23.649635	1	214	52	214	100	33.1542	34.5	49.6
NODE_372_length_213_cov_46.220588	1	213	96	213	100	61.2207	34.8	51.3
NODE_373_length_212_cov_28.770370	1	212	41	212	100	26.967	34.3	54.8
NODE_374_length_211_cov_65.432836	1	211	178	211	100	120.275	34.7	47.2
NODE_375_length_209_cov_282.537879	1	209	373	209	100	248.622	35.1	37.8
NODE_376_length_209_cov_168.151515	1	209	23452	209	100	15489.6	32.3	36.1
NODE_377_length_209_cov_52.977273	1	209	103	209	100	68.1675	35.3	53.2
NODE_378_length_208_cov_29.992366	1	208	75	208	100	46.5913	34.9	44.7
NODE_379_length_206_cov_27.472868	1	206	11	186	90.2913	7.49029	35.2	48.9
NODE_380_length_205_cov_66.375000	1	205	116	205	100	78.7756	35.5	58.1
NODE_381_length_203_cov_104.515873	1	203	130	203	100	89.335	35.2	40.4
NODE_382_length_198_cov_59.520661	1	198	123	198	100	82.0101	35.1	48.2
NODE_383_length_197_cov_74.633333	1	197	192	197	100	136.898	34.3	38.9
NODE_384_length_196_cov_377.445378	1	196	415	196	100	297.73	35.1	39.3
NODE_385_length_194_cov_37.957265	1	194	62	194	100	44.2938	34.9	47.2
NODE_386_length_194_cov_37.521368	1	194	62	194	100	43.6598	35.6	44.9
NODE_387_length_193_cov_44.715517	1	193	75	193	100	53.4508	34.9	45.5
NODE_388_length_193_cov_27.241379	1	193	46	193	100	33.3834	35.3	44.9
NODE_389_length_191_cov_55.008772	1	191	56	191	100	41.712	34.8	54.2
NODE_390_length_190_cov_110.044248	1	190	154	190	100	112.905	34.9	42.2
NODE_391_length_190_cov_41.902655	1	190	240	190	100	108.963	34.9	17.7
NODE_392_length_189_cov_46.723214	1	189	74	189	100	54.5926	34.7	51.1
NODE_393_length_188_cov_38.063063	1	188	107	188	100	73.6489	34.2	41.8
NODE_394_length_185_cov_73.787037	1	185	122	185	100	88.8973	33.9	54
NODE_395_length_182_cov_34.600000	1	182	168	182	100	94.7088	35	29.1
NODE_396_length_181_cov_129.086538	1	181	274	181	100	196.602	34.8	51.8
NODE_397_length_179_cov_299.431373	1	179	559	179	100	420.939	34.7	48.8
NODE_398_length_179_cov_58.235294	1	179	83	179	100	62.9721	35.3	55.2
NODE_399_length_178_cov_54.158416	1	178	64	178	100	48.6685	35	51
NODE_400_length_176_cov_356.949495	1	176	480	176	100	371.659	35	48.1
NODE_401_length_176_cov_286.454545	1	176	336	176	100	256.284	34.8	47.7
NODE_402_length_172_cov_56.442105	1	172	92	172	100	68.0174	34.9	46.2
NODE_403_length_169_cov_184.619565	1	169	261	169	100	204.219	35.1	49.9
NODE_404_length_167_cov_2944.155556	1	167	5128	167	100	4285.77	34.7	44.3
NODE_405_length_167_cov_786.877778	1	167	1977	167	100	1587.99	34.7	37.4
NODE_406_length_165_cov_572.840909	1	165	369	165	100	302.212	35.4	39.1
NODE_407_length_164_cov_41.965517	1	164	50	164	100	39.9634	34.2	45.1
NODE_408_length_164_cov_31.574713	1	164	51	164	100	44.1463	34	51
NODE_409_length_162_cov_121.552941	1	162	2131	162	100	1669.3	34.7	38.1
NODE_410_length_162_cov_39.200000	1	162	58	162	100	41.9444	34.7	42.1
NODE_411_length_161_cov_65.488095	1	161	89	161	100	72.7826	35.5	52.6
NODE_412_length_160_cov_187.060241	1	160	15	160	100	10.2688	36	18.3
NODE_413_length_160_cov_99.493976	1	160	120	160	100	98.4125	35	43.7
NODE_414_length_159_cov_156.085366	1	159	276	159	100	217.428	34.2	44.9
NODE_415_length_158_cov_371.098765	1	158	243	158	100	204.487	34.5	43.5
NODE_416_length_158_cov_61.283951	1	158	66	158	100	56.1962	34.7	36.7
NODE_417_length_156_cov_55.405063	1	156	42	156	100	36.2179	35.2	37.7
NODE_418_length_155_cov_372.923077	1	155	422	155	100	359.51	35	30.3
NODE_419_length_155_cov_370.884615	1	155	421	155	100	357.555	34.8	29.2
NODE_420_length_155_cov_308.346154	1	155	77	155	100	25.7677	35.1	41.5
NODE_421_length_155_cov_287.858974	1	155	149	155	100	126.265	35.4	23.9
NODE_422_length_155_cov_260.807692	1	155	32	155	100	26.6387	34.4	12.4
NODE_423_length_155_cov_240.730769	1	155	135	155	100	114.284	35.2	24.8
NODE_424_length_155_cov_234.666667	1	155	10	155	100	6.2	33.8	0.2
NODE_425_length_155_cov_110.974359	1	155	1749	155	100	1099.2	27.4	19
NODE_426_length_155_cov_99.807692	1	155	226	155	100	176.503	34.2	23.8
NODE_427_length_155_cov_86.538462	1	155	102	155	100	88.6194	35.4	27.3
NODE_428_length_155_cov_60.641026	1	155	16	148	95.4839	13.8581	36.5	0
NODE_429_length_155_cov_51.307692	1	155	1	74	47.7419	0.477419	36.5	0
NODE_430_length_155_cov_47.205128	1	155	19	155	100	16.4516	33.9	0
NODE_431_length_155_cov_46.846154	1	155	6	155	100	5.27097	35.9	0
NODE_432_length_155_cov_45.935897	1	155	178	155	100	146.084	34.5	33.8
NODE_433_length_155_cov_45.551282	1	155	153	155	100	121.11	34.3	27.3
NODE_434_length_155_cov_45.384615	1	155	5	155	100	4.83226	35.6	0
NODE_435_length_155_cov_44.846154	1	155	608	155	100	538.206	34.6	37.2
NODE_438_length_155_cov_40.653846	1	155	17	155	100	14.5613	35.3	19.9
NODE_439_length_155_cov_40.410256	1	155	46	155	100	38.9032	35.8	33.8
NODE_440_length_155_cov_40.384615	1	155	78	155	100	64.129	34.5	39.8
NODE_441_length_155_cov_39.692308	1	155	295	155	100	259.845	34.8	27.6
NODE_442_length_155_cov_39.038462	1	155	5	152	98.0645	4.13548	35.9	22.6
NODE_443_length_155_cov_38.641026	1	155	121	155	100	99.8839	34.2	36.5
NODE_444_length_155_cov_37.910256	1	155	13	155	100	9.67097	34.8	33.1
NODE_445_length_155_cov_37.602564	1	155	5	155	100	4.67097	33	12.4
NODE_446_length_155_cov_37.358974	1	155	5	155	100	4.17419	35.1	22.8
NODE_447_length_155_cov_37.000000	1	155	22	155	100	18.2839	35.4	11.6
NODE_449_length_155_cov_34.653846	1	155	16	155	100	13.6774	36.1	22.4
NODE_450_length_155_cov_33.769231	1	155	2	151	97.4194	1.85161	30.3	12.5
NODE_451_length_155_cov_32.923077	1	155	198	155	100	178.729	34.8	25.4
NODE_452_length_155_cov_32.923077	1	155	2	147	94.8387	1.89032	34	15
NODE_454_length_155_cov_30.153846	1	155	2	151	97.4194	1.49032	35.7	9.5
NODE_455_length_155_cov_30.051282	1	155	32	155	100	27.6581	36	25.1
NODE_457_length_155_cov_28.115385	1	155	95	155	100	65.2452	31.2	6.65
NODE_458_length_155_cov_27.217949	1	155	12	155	100	10.1935	35.9	20.8
NODE_460_length_155_cov_26.858974	1	155	1314	155	100	1009.08	24.7	2.99
NODE_461_length_155_cov_26.756410	1	155	15	155	100	12.4645	35.1	14.1
NODE_462_length_154_cov_249.233766	1	154	33	154	100	28.8442	34.4	26
NODE_463_length_154_cov_213.805195	1	154	396	154	100	308.909	34.3	42.5
NODE_464_length_154_cov_35.233766	1	154	33	154	100	27.8961	35.2	49.5
NODE_465_length_154_cov_26.103896	1	154	4884	154	100	4331.31	28.4	32.6
NODE_466_length_154_cov_22.480519	1	154	4218	154	100	3859.71	27.1	14.5
NODE_467_length_153_cov_30.250000	1	153	28	153	100	13.0327	30.2	6.11
NODE_468_length_153_cov_24.618421	1	153	35	153	100	25.6601	34.6	42.6
NODE_469_length_152_cov_387.280000	1	152	1735	152	100	1351.36	34.8	36.1
NODE_470_length_152_cov_60.240000	1	152	81	152	100	61.2105	32.1	14.3
NODE_471_length_152_cov_45.000000	1	152	53	152	100	43.6184	34.9	45.4
NODE_472_length_152_cov_33.426667	1	152	32	152	100	27.5789	33.8	57.5
NODE_473_length_151_cov_49.013514	1	151	69	151	100	56.2517	34.6	48.9
NODE_474_length_151_cov_39.432432	1	151	10	151	100	9.37748	35.7	40.4
NODE_475_length_151_cov_39.067568	1	151	255	151	100	190.285	34.3	24.8
NODE_476_length_151_cov_2.027027	1	151	10	151	100	4.43709	36.2	23.8
NODE_477_length_150_cov_56.958904	1	150	46	150	100	22.1867	33.7	16.1
NODE_478_length_150_cov_49.575342	1	150	703	150	100	547.4	25.2	8.45
NODE_479_length_150_cov_24.821918	1	150	627	150	100	482.893	25.6	16
NODE_480_length_149_cov_463.819444	1	149	721	149	100	585.47	34.2	45
NODE_481_length_149_cov_449.055556	1	149	381	149	100	331.584	34.9	29.6
NODE_482_length_149_cov_401.236111	1	149	28	149	100	20.0336	33.2	21
NODE_483_length_149_cov_113.097222	1	149	73	149	100	63.7785	33.9	23.4
NODE_484_length_149_cov_76.569444	1	149	207	149	100	185.758	34.6	33.1
NODE_485_length_149_cov_51.875000	1	149	1388	149	100	1045.95	26.9	15.5
NODE_486_length_149_cov_38.208333	1	149	33	149	100	30.0604	35	7.55
NODE_487_length_148_cov_239.788732	1	148	212	148	100	186.176	35.2	28.2
NODE_488_length_148_cov_48.887324	1	148	65	148	100	58.9257	34	46.6
NODE_489_length_147_cov_2431.100000	1	147	3675	147	100	2971.07	34.7	42.2
NODE_490_length_147_cov_53.757143	1	147	60	147	100	52.6259	35.1	45.7
NODE_491_length_146_cov_2186.623188	1	146	2603	146	100	2382.05	35.2	46.6
NODE_492_length_146_cov_335.275362	1	146	438	146	100	358.87	34.9	34.2
NODE_493_length_146_cov_72.985507	1	146	1067	146	100	771.342	25.2	3.4
NODE_494_length_146_cov_56.101449	1	146	538	146	100	490.301	34.5	38.1
NODE_495_length_146_cov_51.130435	1	146	10	146	100	5.49315	33.8	6.1
NODE_496_length_146_cov_30.000000	1	146	75	146	100	66.9384	34	30.6
NODE_497_length_145_cov_142.808824	1	145	4	130	89.6552	1.75862	35.2	0
NODE_498_length_145_cov_42.235294	1	145	44	145	100	39.069	34.4	51.8
NODE_499_length_145_cov_37.970588	1	145	230	145	100	113.31	35.2	12.3
NODE_500_length_144_cov_281.686567	1	144	31	144	100	16.1597	32.2	1.87
NODE_501_length_144_cov_192.910448	1	144	165	144	100	148.132	35.2	54.5
NODE_502_length_144_cov_82.044776	1	144	113	144	100	97.0556	33	25.9
NODE_503_length_144_cov_1.462687	1	144	3	139	96.5278	2.125	35.4	60
NODE_504_length_143_cov_172.666667	1	143	149	143	100	133.916	35.4	52.7
NODE_505_length_143_cov_61.121212	1	143	57	143	100	51.1469	35.5	48.3
NODE_506_length_143_cov_60.939394	1	143	34	143	100	30.6923	34.5	21.8
NODE_507_length_143_cov_50.575758	1	143	80	143	100	66.4965	33.8	22.6
NODE_508_length_143_cov_48.378788	1	143	79	143	100	61.6084	34.6	9.96
NODE_509_length_143_cov_39.939394	1	143	67	143	100	52.2168	34	15.1
NODE_510_length_143_cov_39.772727	1	143	1369	143	100	1211.97	34.5	21.1
NODE_511_length_143_cov_31.060606	1	143	79	143	100	69.6294	34.3	19.7
NODE_512_length_142_cov_188.353846	1	142	202	142	100	177.451	33.4	26.4
NODE_513_length_142_cov_40.507692	1	142	22	142	100	16.2324	32.2	12.5
NODE_514_length_141_cov_120.375000	1	141	153	141	100	133.624	33.5	19.6
NODE_515_length_141_cov_60.875000	1	141	82	141	100	66.3759	32.8	17.8
NODE_516_length_141_cov_43.671875	1	141	48	141	100	39.6454	35.2	39.9
NODE_517_length_140_cov_171.460317	1	140	322	140	100	301.314	34.8	36.2
NODE_518_length_140_cov_90.809524	1	140	65	140	100	59.0929	34.8	29.5
NODE_519_length_140_cov_49.444444	1	140	57	140	100	50.0071	35.2	45.2
NODE_520_length_140_cov_44.476190	1	140	1	43	30.7143	0.307143	21.3	7
NODE_521_length_140_cov_40.730159	1	140	4	130	92.8571	2.22857	28.7	0.25
NODE_522_length_140_cov_37.412698	1	140	23	140	100	20.8571	34.7	46
NODE_523_length_140_cov_31.285714	1	140	2	140	100	1.98571	36.6	27
NODE_524_length_139_cov_54.693548	1	139	27	139	100	21.1655	34.6	21.6
NODE_525_length_138_cov_105.262295	1	138	579	138	100	521.543	34.7	35.5
NODE_526_length_138_cov_104.557377	1	138	466	138	100	271.159	24.8	1.45
NODE_527_length_138_cov_102.737705	1	138	115	138	100	101.63	34.7	39.9
NODE_528_length_137_cov_110.900000	1	137	52	137	100	46.635	33.4	23.6
NODE_529_length_137_cov_110.083333	1	137	134	137	100	127.693	34.8	27.7
NODE_530_length_137_cov_107.683333	1	137	50	137	100	44.0511	34.1	12.4
NODE_531_length_137_cov_48.900000	1	137	4	137	100	3.0146	34	3.25
NODE_532_length_136_cov_440.830508	1	136	387	136	100	347	35.2	51.2
NODE_533_length_135_cov_77.948276	1	135	5	109	80.7407	2.38519	34.9	7.4
NODE_534_length_135_cov_76.379310	1	135	4	131	97.037	2.23704	33.1	24.2
NODE_535_length_135_cov_74.482759	1	135	58	135	100	41.0667	33.9	17.8
NODE_536_length_135_cov_52.844828	1	135	103	135	100	79.237	34.7	31.6
NODE_537_length_134_cov_329.614035	1	134	522	134	100	479.343	34.5	39
NODE_538_length_134_cov_292.929825	1	134	12	134	100	7.20149	30.8	10.1
NODE_539_length_134_cov_268.438596	1	134	15	134	100	11.2015	31.5	7.2
NODE_540_length_134_cov_226.894737	1	134	12	131	97.7612	8.75373	32.8	0
NODE_541_length_134_cov_36.263158	1	134	71	134	100	66.5	35.1	37.8
NODE_542_length_134_cov_35.438596	1	134	6	131	97.7612	3.41791	28.8	0.833
NODE_543_length_134_cov_22.228070	1	134	37	134	100	29.1716	33.8	32.8
NODE_544_length_133_cov_413.857143	1	133	411	133	100	379.226	34.9	39.4
NODE_545_length_133_cov_90.142857	1	133	33	133	100	31.7368	35.3	18.9
NODE_546_length_133_cov_44.285714	1	133	52	133	100	47.1203	34.7	47
NODE_547_length_133_cov_38.821429	1	133	16	133	100	9.69925	35	0
NODE_548_length_133_cov_24.142857	1	133	426	133	100	267.241	25	6.83
NODE_549_length_132_cov_239.709091	1	132	34	132	100	30.7727	34.9	28.6
NODE_550_length_132_cov_108.781818	1	132	23	132	100	18.9394	33.3	11.3
NODE_551_length_131_cov_162.314815	1	131	9	131	100	5.9771	31.6	20.8
NODE_552_length_131_cov_126.481481	1	131	69	131	100	59.5725	34.2	20.3
NODE_553_length_131_cov_111.481481	1	131	9	107	81.6794	3.8855	34.5	0
NODE_554_length_131_cov_104.851852	1	131	24	131	100	21.1374	33.2	10.8
NODE_555_length_131_cov_59.629630	1	131	8	128	97.7099	6.53435	34	8.5
NODE_556_length_131_cov_52.666667	1	131	9	131	100	6.82443	33.3	10
NODE_557_length_131_cov_48.648148	1	131	84	131	100	52.1527	32.4	5.21
NODE_558_length_131_cov_45.518519	1	131	34	131	100	31.1756	34.9	11.2
NODE_559_length_131_cov_36.203704	1	131	81	131	100	75.3206	34.8	35.3
NODE_560_length_130_cov_383.924528	1	130	337	130	100	317.846	34.8	40.6
NODE_561_length_130_cov_31.547170	1	130	17	130	100	14.0308	34.2	42.6
NODE_562_length_129_cov_44.903846	1	129	36	129	100	33.7752	35.1	48.4
NODE_563_length_129_cov_23.442308	1	129	104	129	100	83.5194	34.3	13.2
NODE_564_length_128_cov_379.215686	1	128	47	128	100	37.2812	33.4	11.3
NODE_565_length_128_cov_234.176471	1	128	100	128	100	94.9453	33.9	25.6
NODE_566_length_128_cov_153.784314	1	128	102	128	100	88.9531	33.2	6.89
NODE_567_length_128_cov_140.823529	1	128	1	53	41.4062	0.414062	37	0
NODE_568_length_128_cov_35.058824	1	128	1	111	86.7188	0.867188	25.5	0
NODE_569_length_128_cov_28.000000	1	128	37	128	100	29.2422	33.1	18.2
NODE_570_length_127_cov_85.700000	1	127	159	127	100	137.315	34.2	35.1
NODE_571_length_126_cov_426.469388	1	126	183	126	100	89.8254	24.3	0.809
NODE_572_length_126_cov_67.816327	1	126	3	113	89.6825	1.90476	34.3	17
NODE_573_length_125_cov_254.479167	1	125	202	125	100	194.736	34.8	28.8
NODE_574_length_125_cov_116.750000	1	125	32	125	100	27.096	34.7	23.4
NODE_575_length_125_cov_46.666667	1	125	8	122	97.6	4.384	32.8	12.1
NODE_576_length_125_cov_41.000000	1	125	4	125	100	3.872	35.4	31.2
NODE_577_length_125_cov_39.541667	1	125	53	125	100	47.984	34.5	26.4
NODE_578_length_124_cov_1271.893617	1	124	37	124	100	22.8145	31.8	4.92
NODE_579_length_124_cov_78.170213	1	124	83	124	100	74.4274	34.3	38.8
NODE_580_length_124_cov_27.702128	1	124	272	124	100	168.911	24	3.1
NODE_581_length_124_cov_1.425532	1	124	7	124	100	5.28226	34.3	31.9
NODE_582_length_123_cov_37.260870	1	123	32	123	100	21.5528	34.1	4.62
NODE_583_length_122_cov_470.755556	1	122	13	122	100	8.82787	32.5	10.7
NODE_584_length_122_cov_457.577778	1	122	19	122	100	10.2295	33.8	2.42
NODE_585_length_122_cov_319.577778	1	122	433	122	100	406.238	34.1	23.2
NODE_586_length_122_cov_210.311111	1	122	16	122	100	10.6311	30.5	3.69
NODE_588_length_121_cov_360.568182	1	121	10	121	100	7.15702	33	15.3
NODE_589_length_120_cov_77.790698	1	120	9	120	100	7.89167	33	24.9
NODE_590_length_119_cov_276.452381	1	119	10	119	100	6.43697	31.2	7.1
NODE_591_length_119_cov_252.619048	1	119	174	119	100	165.655	35.3	22.9
NODE_592_length_119_cov_249.523810	1	119	184	119	100	174.479	35.5	21.3
NODE_593_length_119_cov_165.642857	1	119	2	103	86.5546	1.17647	28.3	0
NODE_594_length_119_cov_125.571429	1	119	431	119	100	405.857	34.6	19.2
NODE_595_length_119_cov_79.904762	1	119	62	119	100	57.3445	34.4	43
NODE_596_length_119_cov_79.690476	1	119	1	77	64.7059	0.647059	24.5	20
NODE_597_length_119_cov_52.166667	1	119	3	117	98.3193	1.82353	34.8	4
NODE_598_length_119_cov_46.142857	1	119	86	119	100	62.7899	32.5	18.4
NODE_599_length_119_cov_22.952381	1	119	9	96	80.6723	3.79832	32.2	2.89
NODE_600_length_118_cov_126.024390	1	118	140	118	100	68.9746	24.6	0.0429
NODE_601_length_118_cov_30.804878	1	118	12	118	100	10.339	35.5	25.8
NODE_602_length_117_cov_378.775000	1	117	360	117	100	334.137	34.4	31.4
NODE_603_length_117_cov_151.000000	1	117	12	105	89.7436	8.5641	33.1	12.8
NODE_604_length_117_cov_50.375000	1	117	4	115	98.2906	2.86325	32.8	0
NODE_605_length_116_cov_386.333333	1	116	6	114	98.2759	4.40517	32.4	11.8
NODE_606_length_116_cov_344.769231	1	116	1	84	72.4138	0.724138	36.4	0
NODE_607_length_116_cov_263.871795	1	116	175	116	100	164.241	34.2	27.5
NODE_608_length_116_cov_189.128205	1	116	9	113	97.4138	7.56897	34	37.2
NODE_610_length_116_cov_119.025641	1	116	9	116	100	7.5431	33.2	38.2
NODE_611_length_116_cov_87.923077	1	116	8	116	100	5.96552	33.7	6.25
NODE_612_length_115_cov_36.789474	1	115	29	115	100	17.5043	34	14.2
NODE_613_length_114_cov_214.729730	1	114	4	83	72.807	1.75439	34.6	0
NODE_614_length_114_cov_141.297297	1	114	32	114	100	21.6579	33.9	5.88
NODE_615_length_114_cov_85.000000	1	114	4	114	100	2.80702	30.4	0
NODE_616_length_114_cov_82.918919	1	114	13	61	53.5088	5	34.5	0
NODE_617_length_113_cov_3745.527778	1	113	17	113	100	10.4956	31.5	0.765
NODE_618_length_113_cov_1270.194444	1	113	20	100	88.4956	13.9292	33.5	1.3
NODE_619_length_113_cov_304.861111	1	113	1	36	31.8584	0.318584	37	0
NODE_620_length_113_cov_180.333333	1	113	7	108	95.5752	5.28319	33.9	1.43
NODE_621_length_113_cov_165.000000	1	113	144	113	100	135.788	34.6	21.5
NODE_622_length_113_cov_138.527778	1	113	51	113	100	40.0088	34.6	5.49
NODE_623_length_113_cov_134.166667	1	113	17	113	100	14.2566	32.9	16.4
NODE_624_length_113_cov_117.361111	1	113	118	113	100	98.7876	33.6	19.1
NODE_625_length_113_cov_68.805556	1	113	12	113	100	8.9646	31.8	9.75
NODE_627_length_113_cov_60.444444	1	113	5	100	88.4956	3.36283	31.9	8
NODE_628_length_113_cov_50.444444	1	113	6	113	100	5.69027	32	1.67
NODE_629_length_113_cov_49.472222	1	113	15	109	96.4602	8.41593	36.2	31.1
NODE_630_length_113_cov_47.305556	1	113	2	103	91.1504	0.911504	29.4	0
NODE_631_length_113_cov_46.194444	1	113	3	110	97.3451	2.73451	36.1	36.7
NODE_632_length_113_cov_44.055556	1	113	11	86	76.1062	5.76106	33.6	8.36
NODE_633_length_113_cov_41.111111	1	113	4	80	70.7965	2.40708	30.6	0
NODE_634_length_113_cov_38.027778	1	113	10	113	100	9.0885	33.7	7.8
NODE_635_length_113_cov_35.388889	1	113	70	113	100	55.4956	34.1	15.8
NODE_636_length_113_cov_34.277778	1	113	1	113	100	1	33.5	6
NODE_637_length_113_cov_33.583333	1	113	65	113	100	57.3186	34	13.8
NODE_638_length_113_cov_33.555556	1	113	7	106	93.8053	3.55752	34.3	0.857
NODE_640_length_112_cov_3083.828571	1	112	117	112	100	85.0268	32.7	26.1
NODE_641_length_112_cov_345.171429	1	112	321	112	100	280.134	34.3	19.8
NODE_642_length_112_cov_260.485714	1	112	191	112	100	180.705	34.7	22.1
NODE_643_length_112_cov_50.285714	1	112	2	105	93.75	1.39286	24.4	21
NODE_644_length_112_cov_38.142857	1	112	1	76	67.8571	0.678571	27.5	0
NODE_645_length_111_cov_153.764706	1	111	8	111	100	4.64865	33.7	7.12
NODE_646_length_111_cov_101.176471	1	111	110	111	100	93.6306	34.5	10.7
NODE_647_length_111_cov_73.352941	1	111	119	111	100	58.8468	24.3	0.0756
NODE_648_length_111_cov_49.764706	1	111	2	88	79.2793	1.42342	33.5	18
NODE_649_length_111_cov_39.735294	1	111	80	111	100	71.7477	34.4	12.2
NODE_650_length_111_cov_33.352941	1	111	46	111	100	30.5045	35.7	14.5
NODE_651_length_111_cov_32.941176	1	111	65	111	100	54.7928	34.4	10.1
NODE_652_length_111_cov_25.852941	1	111	57	111	100	46.8468	33.7	15.6
NODE_653_length_110_cov_1288.060606	1	110	57	110	100	51.0636	34.8	0
NODE_654_length_110_cov_798.454545	1	110	18	110	100	14.9182	32.6	1.06
NODE_655_length_110_cov_546.727273	1	110	517	110	100	481.773	34.6	21.9
NODE_656_length_110_cov_518.242424	1	110	17	110	100	12.0455	31.8	4.53
NODE_657_length_110_cov_302.606061	1	110	3	109	99.0909	2.7	36.7	3.67
NODE_658_length_110_cov_260.393939	1	110	5	90	81.8182	2.49091	32.9	1.2
NODE_659_length_110_cov_238.787879	1	110	28	110	100	26.3273	34.7	18.2
NODE_660_length_110_cov_131.909091	1	110	10	110	100	9.3	33.9	15.8
NODE_661_length_110_cov_84.363636	1	110	8	110	100	6.46364	32.3	17.4
NODE_662_length_110_cov_71.181818	1	110	51	110	100	49.9364	34.9	29
NODE_663_length_110_cov_50.818182	1	110	1	107	97.2727	0.972727	30.3	55
NODE_664_length_110_cov_48.242424	1	110	12	110	100	8.85455	31	2.67
NODE_665_length_110_cov_35.333333	1	110	10	110	100	7.94545	33.7	8.8
NODE_666_length_109_cov_121.187500	1	109	7	109	100	5.84404	34.2	19.6
NODE_667_length_109_cov_43.843750	1	109	5	109	100	4.08257	33	2
NODE_668_length_108_cov_230.161290	1	108	73	108	100	67.463	34.9	15.7
NODE_669_length_108_cov_129.483871	1	108	3	108	100	2.51852	31.8	14.3
NODE_670_length_107_cov_524.933333	1	107	5	78	72.8972	2.86916	35.3	0
NODE_671_length_107_cov_472.166667	1	107	345	107	100	217.308	27.6	0.0435
NODE_672_length_107_cov_437.200000	1	107	8	105	98.1308	4.71963	31.5	0
NODE_673_length_107_cov_243.300000	1	107	1	38	35.514	0.35514	37	0
NODE_674_length_107_cov_172.466667	1	107	5	107	100	3.3271	34	0
NODE_675_length_107_cov_157.266667	1	107	7	107	100	6.11215	34.1	3.43
NODE_676_length_107_cov_156.933333	1	107	1	91	85.0467	0.850467	36.9	0
NODE_677_length_107_cov_148.700000	1	107	7	107	100	3.68224	34.7	11
NODE_678_length_107_cov_112.933333	1	107	101	107	100	83.243	34.7	16.6
NODE_680_length_107_cov_67.800000	1	107	2	83	77.5701	1.30841	28.4	50
NODE_681_length_107_cov_59.300000	1	107	103	107	100	80.0561	34.3	11.7
NODE_682_length_107_cov_47.733333	1	107	94	107	100	46.9439	25	0
NODE_683_length_107_cov_29.166667	1	107	2	77	71.9626	1.08411	31.7	0
NODE_684_length_107_cov_22.633333	1	107	51	107	100	39	32.9	6.39
NODE_686_length_106_cov_2146.689655	1	106	1041	106	100	899.245	34.7	10.1
NODE_687_length_106_cov_1568.000000	1	106	695	106	100	679.651	34.8	24.1
NODE_688_length_106_cov_204.655172	1	106	2	95	89.6226	1.34906	26.7	29
NODE_689_length_106_cov_191.724138	1	106	32	106	100	11.5943	34.5	34.8
NODE_690_length_106_cov_46.551724	1	106	8	106	100	7.64151	32.6	7.25
NODE_692_length_104_cov_2362.148148	1	104	839	104	100	810.327	34.5	18.1
NODE_693_length_104_cov_286.074074	1	104	9	104	100	5.375	32.7	1
NODE_694_length_104_cov_283.111111	1	104	104	104	100	99.1154	34.6	24.6
NODE_695_length_104_cov_267.111111	1	104	1	41	39.4231	0.394231	31.1	0
NODE_696_length_104_cov_263.074074	1	104	5	104	100	3.66346	32.9	21.4
NODE_697_length_104_cov_209.777778	1	104	11	104	100	5.16346	33.2	23.6
NODE_698_length_104_cov_134.444444	1	104	2	96	92.3077	1.60577	28.5	50
NODE_699_length_104_cov_101.259259	1	104	2	76	73.0769	1.42308	30	0
NODE_700_length_104_cov_94.888889	1	104	54	104	100	51.7404	34.3	15.6
NODE_701_length_104_cov_91.407407	1	104	2	95	91.3462	1.76923	35.4	0
NODE_702_length_104_cov_78.629630	1	104	15	104	100	9.15385	33.8	5.67
NODE_704_length_103_cov_510.576923	1	103	20	103	100	16.1942	34.2	6.55
NODE_707_length_103_cov_225.576923	1	103	35	103	100	33.5922	34.1	18.6
NODE_708_length_103_cov_186.307692	1	103	2	103	100	1.71845	31.2	3.5
NODE_709_length_103_cov_134.384615	1	103	10	103	100	8.83495	32.8	7.5
NODE_710_length_103_cov_98.076923	1	103	2	103	100	1.09709	31.8	0
NODE_711_length_103_cov_76.269231	1	103	69	103	100	63.767	34.5	15
NODE_712_length_103_cov_66.961538	1	103	46	103	100	41.4757	33.8	6.15
NODE_713_length_102_cov_818.440000	1	102	298	102	100	282.52	34.1	8.9
NODE_714_length_102_cov_484.280000	1	102	7	102	100	6.58824	32.8	14.6
NODE_715_length_102_cov_402.480000	1	102	8	102	100	5.66667	33.4	9.5
NODE_716_length_102_cov_337.880000	1	102	1	79	77.451	0.77451	36.5	0
NODE_717_length_102_cov_231.400000	1	102	21	102	100	16.8137	35.4	10.8
NODE_718_length_102_cov_189.240000	1	102	1	99	97.0588	0.970588	27.4	33
NODE_719_length_102_cov_159.240000	1	102	1	59	57.8431	0.578431	31.9	0
NODE_720_length_102_cov_135.720000	1	102	93	102	100	82.549	33.7	6.8
NODE_721_length_102_cov_86.480000	1	102	2	89	87.2549	1.7451	36.9	0
NODE_722_length_102_cov_64.720000	1	102	2	41	40.1961	0.784314	31.9	0
NODE_723_length_102_cov_64.000000	1	102	1	46	45.098	0.45098	35.1	0
NODE_724_length_102_cov_57.200000	1	102	8	102	100	5.08824	35.5	0
NODE_725_length_102_cov_37.120000	1	102	8	91	89.2157	4.57843	34.2	0
NODE_726_length_102_cov_36.800000	1	102	15	102	100	13.7941	33.7	23.9
NODE_727_length_102_cov_33.880000	1	102	4	92	90.1961	1.58824	32.9	0
NODE_728_length_101_cov_7959.291667	1	101	27	101	100	19.7426	32.7	0.815
NODE_729_length_101_cov_2366.500000	1	101	365	101	100	262.723	34.1	8.6
NODE_730_length_101_cov_1197.875000	1	101	8	98	97.0297	5.19802	32.2	0
NODE_731_length_101_cov_728.541667	1	101	4	97	96.0396	2.12871	35.3	0
NODE_732_length_101_cov_710.541667	1	101	16	101	100	10.0099	32.8	14.4
NODE_733_length_101_cov_451.708333	1	101	28	101	100	25.0594	35.2	3.11
NODE_734_length_101_cov_434.791667	1	101	6	100	99.0099	3.12871	30.1	2.33
NODE_735_length_101_cov_414.500000	1	101	73	66	65.3465	44.5347	35.5	14.2
NODE_736_length_101_cov_413.625000	1	101	8	101	100	5.12871	33.3	3.38
NODE_738_length_101_cov_234.041667	1	101	1	56	55.4455	0.554455	33.6	0
NODE_739_length_101_cov_198.291667	1	101	2	72	71.2871	0.940594	33.9	0
NODE_740_length_101_cov_185.375000	1	101	63	101	100	61.8911	35.3	3.35
NODE_741_length_101_cov_139.458333	1	101	37	101	100	21.8614	33	3.3
NODE_742_length_101_cov_73.833333	1	101	9	101	100	8.63366	33.4	13.6
NODE_743_length_101_cov_66.458333	1	101	17	101	100	16.5347	33.2	9.12
NODE_744_length_101_cov_62.958333	1	101	43	101	100	38.3762	34	4.07
NODE_745_length_101_cov_42.916667	1	101	1	97	96.0396	0.960396	34.1	0
NODE_747_length_101_cov_32.208333	1	101	20	101	100	12.6238	34.6	8.1
NODE_748_length_100_cov_245.521739	1	100	5	100	100	3.63	30.5	0.6
NODE_749_length_100_cov_193.391304	1	100	23	100	100	18.8	32.6	0
NODE_750_length_100_cov_135.478261	1	100	24	100	100	18.11	31.9	1.46
NODE_751_length_100_cov_117.913043	1	100	1	73	73	0.73	28.2	0
NODE_752_length_99_cov_3008.818182	1	99	27	99	100	13.6667	32.1	8.04
NODE_753_length_99_cov_988.409091	1	99	17	99	100	12.3434	35.4	4
NODE_754_length_99_cov_194.727273	1	99	76	99	100	72.202	33.9	15.2
NODE_755_length_99_cov_171.000000	1	99	12	91	91.9192	8.10101	33.3	0.583
NODE_756_length_99_cov_102.772727	1	99	16	64	64.6465	9.35354	36.4	26.6
NODE_757_length_99_cov_81.136364	1	99	2	97	97.9798	1.73737	30.3	0.5
NODE_758_length_99_cov_40.954545	1	99	3	86	86.8687	1.56566	30.9	0
NODE_759_length_98_cov_5755.619048	1	98	25	98	100	14.3265	34.4	0
NODE_760_length_98_cov_1551.523810	1	98	4	84	85.7143	2.81633	32	0
NODE_761_length_98_cov_897.190476	1	98	1	81	82.6531	0.826531	30.1	56
NODE_762_length_98_cov_828.761905	1	98	12	98	100	7.57143	32.9	3
NODE_763_length_98_cov_653.142857	1	98	1	54	55.102	0.55102	27.3	0
NODE_764_length_98_cov_410.285714	1	98	9	95	96.9388	5.69388	34.2	3.11
NODE_765_length_98_cov_346.857143	1	98	4	83	84.6939	2.73469	29.9	1.25
NODE_766_length_98_cov_323.904762	1	98	62	98	100	43.6735	34.7	0.323
NODE_768_length_98_cov_261.238095	1	98	1	95	96.9388	0.969388	27.3	60
NODE_769_length_98_cov_254.714286	1	98	7	98	100	5.71429	34.2	13.7
NODE_770_length_98_cov_228.809524	1	98	1	94	95.9184	0.959184	24.1	0
NODE_771_length_98_cov_182.714286	1	98	144	98	100	101.296	25.1	8.5
NODE_772_length_98_cov_159.238095	1	98	4	98	100	3.76531	28.5	10.8
NODE_773_length_98_cov_120.714286	1	98	3	98	100	2.40816	35.8	12.3
NODE_774_length_98_cov_120.619048	1	98	3	98	100	2.16327	36.8	3.67
NODE_775_length_98_cov_106.285714	1	98	7	98	100	5.70408	30	3.71
NODE_776_length_98_cov_87.904762	1	98	3	77	78.5714	1.59184	32.4	12.3
NODE_777_length_98_cov_82.095238	1	98	5	98	100	4.02041	33	5.6
NODE_780_length_98_cov_40.380952	1	98	16	98	100	9.68367	30.6	3.25
NODE_781_length_98_cov_39.666667	1	98	4	98	100	2.93878	32.6	11
NODE_782_length_98_cov_34.904762	1	98	6	98	100	5.05102	34.4	0
NODE_783_length_98_cov_34.666667	1	98	4	65	66.3265	2.5102	35.6	0
NODE_785_length_98_cov_25.285714	1	98	1	79	80.6122	0.806122	31.2	20
NODE_786_length_97_cov_2648.800000	1	97	18	97	100	11.3918	34	0
NODE_787_length_97_cov_1101.600000	1	97	19	97	100	10.4845	33.9	12.7
NODE_788_length_97_cov_923.050000	1	97	3	75	77.3196	1.36082	35.2	0
NODE_789_length_97_cov_332.150000	1	97	4	81	83.5052	1.91753	30.4	12.5
NODE_791_length_97_cov_168.550000	1	97	3	82	84.5361	2.27835	32.9	0
NODE_792_length_97_cov_130.500000	1	97	103	97	100	82.6598	34.3	9.59
NODE_793_length_97_cov_127.300000	1	97	18	97	100	11.3299	35.3	7.83
NODE_794_length_97_cov_102.900000	1	97	44	96	98.9691	37.5464	34.5	7.84
NODE_796_length_97_cov_41.400000	1	97	2	55	56.701	1.09278	29.1	0
NODE_797_length_97_cov_36.000000	1	97	11	97	100	7.6701	34	9.91
NODE_798_length_97_cov_33.800000	1	97	42	97	100	29.2165	34	5.1
NODE_800_length_96_cov_1308.421053	1	96	2	73	76.0417	1.13542	28.8	0
NODE_801_length_96_cov_258.105263	1	96	3	94	97.9167	2.42708	32.7	0
NODE_803_length_96_cov_121.684211	1	96	5	81	84.375	3.78125	34.9	22.8
NODE_805_length_95_cov_2452.000000	1	95	14	92	96.8421	9.74737	31.6	0.286
NODE_806_length_95_cov_2382.444444	1	95	26	95	100	20.9368	35.1	0.731
NODE_807_length_95_cov_2093.444444	1	95	20	95	100	15.8	33.2	0.25
NODE_808_length_95_cov_1166.666667	1	95	20	95	100	17.5053	32	16.6
NODE_809_length_95_cov_1062.222222	1	95	2	59	62.1053	0.978947	35	0
NODE_810_length_95_cov_803.166667	1	95	12	95	100	10.5158	33.7	7.08
NODE_811_length_95_cov_712.888889	1	95	4	89	93.6842	2.86316	31.8	0
NODE_812_length_95_cov_631.555556	1	95	25	95	100	21.8316	33.8	4.64
NODE_813_length_95_cov_576.666667	1	95	9	95	100	8.86316	34.1	22.2
NODE_814_length_95_cov_570.666667	1	95	7	95	100	5.17895	35	0
NODE_815_length_95_cov_436.277778	1	95	11	95	100	8.48421	31.8	4.36
NODE_816_length_95_cov_347.222222	1	95	9	83	87.3684	5.51579	34.3	0.556
NODE_817_length_95_cov_300.777778	1	95	13	95	100	10.4737	31.4	1.31
NODE_818_length_95_cov_287.833333	1	95	4	93	97.8947	2.67368	26.4	10.8
NODE_819_length_95_cov_277.055556	1	95	2	89	93.6842	1.54737	34.5	0
NODE_820_length_95_cov_244.611111	1	95	3	67	70.5263	1.58947	33.6	1.33
NODE_821_length_95_cov_218.333333	1	95	2	69	72.6316	1.35789	31.5	0
NODE_822_length_95_cov_194.000000	1	95	3	87	91.5789	2.01053	28.9	2
NODE_823_length_95_cov_183.055556	1	95	57	95	100	53.9895	34.3	4.26
NODE_824_length_95_cov_158.888889	1	95	2	95	100	1.90526	30.6	4
NODE_825_length_95_cov_150.222222	1	95	13	95	100	7.37895	32.2	15.6
NODE_827_length_95_cov_109.555556	1	95	1	87	91.5789	0.915789	36.6	0
NODE_829_length_95_cov_89.888889	1	95	2	93	97.8947	1.16842	29.9	12
NODE_830_length_95_cov_89.833333	1	95	2	95	100	1.47368	28.8	5.5
NODE_831_length_95_cov_87.611111	1	95	1	53	55.7895	0.557895	28	0
NODE_833_length_95_cov_55.944444	1	95	1	95	100	1	31.1	15
NODE_834_length_95_cov_54.055556	1	95	31	94	98.9474	24.9263	34.7	4.19
NODE_835_length_95_cov_49.222222	1	95	1	92	96.8421	0.968421	33.6	0
NODE_836_length_95_cov_43.000000	1	95	25	95	100	18.3368	34.1	3.64
NODE_837_length_95_cov_34.722222	1	95	1	93	97.8947	0.978947	27.6	0
NODE_838_length_95_cov_30.000000	1	95	2	95	100	1.73684	28	30
NODE_839_length_95_cov_27.388889	1	95	5	85	89.4737	3.32632	35.7	3.4
NODE_840_length_94_cov_1602.882353	1	94	10	83	88.2979	6.5	31.8	1.8
NODE_841_length_94_cov_333.941176	1	94	22	76	80.8511	14.5638	34.3	30
NODE_843_length_94_cov_223.352941	1	94	2	81	86.1702	1.24468	33.3	2
NODE_844_length_94_cov_168.941176	1	94	1	52	55.3191	0.553191	25.6	0
NODE_846_length_94_cov_130.352941	1	94	2	94	100	1.80851	35.1	7
NODE_849_length_94_cov_89.764706	1	94	11	94	100	5.61702	31.4	2.18
NODE_850_length_94_cov_74.764706	1	94	1	57	60.6383	0.606383	28.5	3
NODE_851_length_94_cov_59.235294	1	94	2	59	62.766	1.05319	34.7	0
NODE_852_length_93_cov_546.062500	1	93	51	93	100	46.4624	34.7	11.1
NODE_853_length_93_cov_357.625000	1	93	52	93	100	49.6129	33.3	6.31
NODE_854_length_93_cov_251.375000	1	93	44	93	100	35.6559	33.1	6.27
NODE_855_length_93_cov_166.937500	1	93	138	93	100	87.3548	23.4	0.268
NODE_856_length_92_cov_2639.466667	1	92	4	86	93.4783	2.77174	32.8	0
NODE_857_length_92_cov_1587.200000	1	92	5	58	63.0435	2.66304	33.3	7.8
NODE_858_length_92_cov_1279.600000	1	92	1	32	34.7826	0.347826	31.9	4
NODE_859_length_92_cov_944.400000	1	92	7	92	100	4.81522	31.3	0
NODE_860_length_92_cov_696.933333	1	92	2	89	96.7391	1.58696	32.2	0
NODE_861_length_92_cov_604.733333	1	92	3	86	93.4783	2	31.8	0
NODE_863_length_92_cov_547.466667	1	92	6	76	82.6087	4.1087	33.2	13
NODE_864_length_92_cov_516.466667	1	92	4	78	84.7826	2.81522	33.3	15
NODE_865_length_92_cov_452.800000	1	92	7	92	100	4.61957	32.1	2.29
NODE_866_length_92_cov_428.600000	1	92	4	83	90.2174	2.40217	35	0
NODE_867_length_92_cov_411.466667	1	92	14	92	100	10.2609	34.8	3.57
NODE_868_length_92_cov_385.866667	1	92	4	54	58.6957	2.01087	31.3	0
NODE_869_length_92_cov_379.466667	1	92	2	41	44.5652	0.880435	36.5	0
NODE_870_length_92_cov_358.466667	1	92	16	92	100	12.7174	31.5	3.5
NODE_871_length_92_cov_330.533333	1	92	2	67	72.8261	1.15217	33.6	0
NODE_875_length_92_cov_259.533333	1	92	1	72	78.2609	0.782609	36	0
NODE_876_length_92_cov_258.933333	1	92	85	92	100	80.3587	33.4	6.51
NODE_879_length_92_cov_222.266667	1	92	2	59	64.1304	1.13043	29.9	0
NODE_880_length_92_cov_187.866667	1	92	3	82	89.1304	2.21739	35.2	3
NODE_881_length_92_cov_184.533333	1	92	2	60	65.2174	1.29348	26.4	0
NODE_883_length_92_cov_125.733333	1	92	1	70	76.087	0.76087	30.6	6
NODE_884_length_92_cov_98.466667	1	92	9	52	56.5217	4.75	31.8	7.44
NODE_885_length_92_cov_96.066667	1	92	6	92	100	3.04348	35.3	27.8
NODE_887_length_92_cov_92.200000	1	92	1	81	88.0435	0.880435	28.7	0
NODE_889_length_92_cov_84.066667	1	92	1	33	35.8696	0.358696	35.1	0
NODE_890_length_92_cov_80.133333	1	92	1	61	66.3043	0.663043	30.1	0
NODE_891_length_92_cov_77.666667	1	92	3	65	70.6522	1.66304	32.2	0
NODE_893_length_92_cov_51.666667	1	92	3	83	90.2174	2.11957	30.3	0
NODE_895_length_92_cov_34.600000	1	92	1	79	85.8696	0.858696	35.8	2
NODE_896_length_92_cov_31.466667	1	92	2	55	59.7826	1.04348	35.7	3.5
NODE_897_length_92_cov_28.200000	1	92	1	43	46.7391	0.467391	28.8	0
NODE_898_length_92_cov_25.866667	1	92	1	87	94.5652	0.945652	31.5	0
NODE_900_length_91_cov_245.428571	1	91	5	78	85.7143	3.12088	31.9	17.8
NODE_901_length_91_cov_229.785714	1	91	5	91	100	4.93407	34.5	6
NODE_902_length_91_cov_136.214286	1	91	6	91	100	4.92308	34.7	2.83
NODE_903_length_91_cov_118.928571	1	91	4	64	70.3297	2.72527	35.6	0
NODE_905_length_91_cov_86.571429	1	91	2	79	86.8132	1.1978	30.8	49.5
NODE_906_length_90_cov_3665.230769	1	90	31	85	94.4444	24.1444	33.3	1.97
NODE_907_length_90_cov_366.153846	1	90	37	90	100	30.1333	31.9	6.49
NODE_909_length_90_cov_327.769231	1	90	1	83	92.2222	0.922222	27.3	11
NODE_911_length_90_cov_273.461538	1	90	1	33	36.6667	0.366667	26.1	12
NODE_912_length_90_cov_269.846154	1	90	5	90	100	3.88889	31.9	4
NODE_914_length_90_cov_75.923077	1	90	8	88	97.7778	3.53333	31.7	2.88
NODE_915_length_89_cov_3498.166667	1	89	8	87	97.7528	5.61798	32.9	0
NODE_916_length_89_cov_2249.833333	1	89	2	68	76.4045	1	31.3	0
NODE_917_length_89_cov_2001.666667	1	89	13	85	95.5056	9.52809	30.2	8
NODE_918_length_89_cov_1602.166667	1	89	39	89	100	24.9775	24.1	0
NODE_919_length_89_cov_1403.666667	1	89	4	56	62.9213	1.50562	31.6	27
NODE_920_length_89_cov_1389.916667	1	89	12	67	75.2809	7.53933	31.5	0
NODE_921_length_89_cov_1220.500000	1	89	3	89	100	2.44944	31	0
NODE_922_length_89_cov_1029.250000	1	89	5	75	84.2697	3.50562	35.5	0
NODE_923_length_89_cov_982.333333	1	89	19	89	100	16.1236	33.5	10.3
NODE_924_length_89_cov_917.833333	1	89	3	82	92.1348	2.46067	29.3	4.33
NODE_925_length_89_cov_909.000000	1	89	2	68	76.4045	1.40449	32	0
NODE_927_length_89_cov_692.083333	1	89	2	60	67.4157	0.876404	31.9	0
NODE_928_length_89_cov_589.833333	1	89	24	81	91.0112	18.0225	34.2	5.08
NODE_929_length_89_cov_502.583333	1	89	14	89	100	10.7303	32.9	11.5
NODE_932_length_89_cov_380.416667	1	89	1	57	64.0449	0.640449	30.3	0
NODE_933_length_89_cov_304.666667	1	89	20	78	87.6404	15.4157	35.8	0
NODE_935_length_89_cov_290.166667	1	89	1	54	60.6742	0.606742	29.5	0
NODE_936_length_89_cov_278.666667	1	89	5	89	100	4.52809	33.8	7.6
NODE_937_length_89_cov_245.500000	1	89	1	37	41.573	0.41573	22.4	0
NODE_941_length_89_cov_212.083333	1	89	5	89	100	4.57303	29.1	6.2
NODE_942_length_89_cov_195.166667	1	89	5	89	100	3.78652	30.8	6.2
NODE_943_length_89_cov_194.750000	1	89	1	49	55.0562	0.550562	30.2	29
NODE_944_length_89_cov_194.000000	1	89	2	74	83.1461	1.1573	36.3	0
NODE_945_length_89_cov_192.750000	1	89	9	89	100	6.1236	32.1	6.44
NODE_946_length_89_cov_192.166667	1	89	2	74	83.1461	1.26966	26.8	0
NODE_947_length_89_cov_160.916667	1	89	26	78	87.6404	19.4494	35.4	3.88
NODE_948_length_89_cov_124.750000	1	89	4	89	100	3.33708	31.6	5.25
NODE_949_length_89_cov_124.583333	1	89	4	86	96.6292	2.96629	32.1	1
NODE_950_length_89_cov_121.250000	1	89	8	75	84.2697	3.31461	28.9	0.5
NODE_952_length_89_cov_114.500000	1	89	1	36	40.4494	0.404494	34.9	0
NODE_953_length_89_cov_112.583333	1	89	1	86	96.6292	0.966292	30.8	0
NODE_955_length_89_cov_110.083333	1	89	3	79	88.764	2.4382	35.7	3.33
NODE_957_length_89_cov_100.416667	1	89	1	61	68.5393	0.685393	24	0
NODE_959_length_89_cov_88.750000	1	89	1	81	91.0112	0.910112	29.2	0
NODE_960_length_89_cov_84.833333	1	89	5	37	41.573	1.94382	36.5	39.4
NODE_961_length_89_cov_72.500000	1	89	3	89	100	1.91011	34.9	0
NODE_962_length_89_cov_45.000000	1	89	3	67	75.2809	1.85393	34.7	0
NODE_963_length_89_cov_43.833333	1	89	3	86	96.6292	2.03371	32	0
NODE_964_length_89_cov_39.583333	1	89	2	63	70.7865	1.10112	36.6	0
NODE_966_length_89_cov_38.833333	1	89	2	32	35.9551	0.719101	30.8	11.5
NODE_968_length_89_cov_25.000000	1	89	2	67	75.2809	1.37079	32.2	0
NODE_971_length_88_cov_317.727273	1	88	21	88	100	15.9886	32.9	0.381
NODE_972_length_88_cov_295.545455	1	88	6	83	94.3182	4.88636	33.3	10
NODE_974_length_88_cov_210.545455	1	88	1	51	57.9545	0.579545	36.3	0
NODE_975_length_88_cov_171.181818	1	88	5	76	86.3636	3.70455	29.5	4.8
NODE_976_length_88_cov_125.636364	1	88	4	84	95.4545	2.81818	33.3	0
NODE_977_length_88_cov_91.545455	1	88	1	53	60.2273	0.602273	26.3	0
NODE_980_length_87_cov_305.400000	1	87	3	82	94.2529	1.93103	32.7	18
NODE_981_length_87_cov_155.200000	1	87	3	87	100	2.16092	27.6	13.7
NODE_982_length_87_cov_114.100000	1	87	10	73	83.908	3.88506	35.6	13.1
NODE_983_length_87_cov_106.400000	1	87	2	86	98.8506	1.54023	29.2	26.5
NODE_984_length_87_cov_95.100000	1	87	4	51	58.6207	1.64368	33.5	0
NODE_985_length_87_cov_94.200000	1	87	2	46	52.8736	0.977011	35	0
NODE_986_length_87_cov_47.800000	1	87	24	87	100	18.3448	35.1	0.208
NODE_987_length_87_cov_34.000000	1	87	4	87	100	2.51724	29.7	15
NODE_988_length_86_cov_2928.666667	1	86	4	69	80.2326	2.18605	34.9	0
NODE_989_length_86_cov_1771.000000	1	86	1	74	86.0465	0.860465	26.1	0
NODE_990_length_86_cov_1674.444444	1	86	10	86	100	7.2093	33	1.3
NODE_991_length_86_cov_1504.000000	1	86	2	59	68.6047	1.15116	37	0
NODE_992_length_86_cov_1452.000000	1	86	9	86	100	5.93023	32.9	1
NODE_993_length_86_cov_1426.555556	1	86	38	84	97.6744	30.6395	34.8	0
NODE_994_length_86_cov_1408.666667	1	86	32	86	100	22.8372	34.4	0.844
NODE_995_length_86_cov_901.444444	1	86	4	59	68.6047	2.34884	36.5	0
NODE_996_length_86_cov_874.888889	1	86	25	86	100	16.0465	35	10.4
NODE_997_length_86_cov_826.333333	1	86	3	66	76.7442	2.09302	31.5	0
NODE_998_length_86_cov_805.111111	1	86	29	81	94.186	22.8372	34.4	1.45
NODE_999_length_86_cov_585.666667	1	86	5	72	83.7209	3.26744	27.9	0.2
NODE_1000_length_86_cov_569.111111	1	86	2	80	93.0233	1.86047	36.3	4
NODE_1001_length_86_cov_553.666667	1	86	5	85	98.8372	3.33721	31.5	3
NODE_1002_length_86_cov_529.666667	1	86	1	79	91.8605	0.918605	23.2	0
NODE_1003_length_86_cov_514.777778	1	86	2	64	74.4186	0.965116	35.2	15.5
NODE_1004_length_86_cov_492.777778	1	86	1	77	89.5349	0.895349	35.7	0
NODE_1006_length_86_cov_367.555556	1	86	3	86	100	2.69767	30.9	2.67
NODE_1007_length_86_cov_361.666667	1	86	1	78	90.6977	0.906977	35.3	0
NODE_1009_length_86_cov_332.555556	1	86	2	39	45.3488	0.848837	28.4	0
NODE_1010_length_86_cov_330.666667	1	86	15	83	96.5116	9.66279	33.4	1.33
NODE_1013_length_86_cov_320.888889	1	86	42	86	100	40.1628	33	4.81
NODE_1014_length_86_cov_305.444444	1	86	21	86	100	15.6628	34.4	12.5
NODE_1017_length_86_cov_283.555556	1	86	2	61	70.9302	1.4186	31.7	6.5
NODE_1018_length_86_cov_244.666667	1	86	26	86	100	19.186	34.8	7.46
NODE_1019_length_86_cov_237.555556	1	86	158	86	100	96.2674	24.4	0.171
NODE_1020_length_86_cov_232.333333	1	86	63	86	100	49.7791	34	1.67
NODE_1022_length_86_cov_197.555556	1	86	5	71	82.5581	3.12791	35.4	0
NODE_1023_length_86_cov_163.222222	1	86	3	46	53.4884	1.56977	36.3	0
NODE_1024_length_86_cov_151.444444	1	86	4	85	98.8372	2.66279	30.5	14
NODE_1025_length_86_cov_143.333333	1	86	4	81	94.186	2.56977	31.7	24.5
NODE_1026_length_86_cov_133.444444	1	86	1	62	72.093	0.72093	37	0
NODE_1027_length_86_cov_121.444444	1	86	1	86	100	1	28.5	0
NODE_1029_length_86_cov_106.444444	1	86	2	72	83.7209	1.38372	27.3	0
NODE_1030_length_86_cov_104.222222	1	86	2	73	84.8837	1.27907	30.9	0
NODE_1031_length_86_cov_95.555556	1	86	2	86	100	1.56977	25.8	4.5
NODE_1032_length_86_cov_89.666667	1	86	1	66	76.7442	0.767442	34.5	0
NODE_1034_length_86_cov_81.000000	1	86	1	53	61.6279	0.616279	37	0
NODE_1035_length_86_cov_72.111111	1	86	3	86	100	2.7907	28.6	6.33
NODE_1036_length_86_cov_68.111111	1	86	2	62	72.093	1.0814	35.6	0
NODE_1037_length_86_cov_52.222222	1	86	2	86	100	1.7907	24.4	30
NODE_1038_length_86_cov_34.555556	1	86	1	34	39.5349	0.395349	37	0
NODE_1039_length_86_cov_29.888889	1	86	1	61	70.9302	0.709302	31.2	2
NODE_1040_length_85_cov_4929.875000	1	85	198	85	100	149.659	29.5	0
NODE_1041_length_88_cov_1179.375000	1	88	15	60	68.1818	7.125	22	8
NODE_1042_length_85_cov_1161.000000	1	85	2	78	91.7647	1.75294	28.6	5.5
NODE_1044_length_85_cov_479.125000	1	85	32	85	100	18.1294	33.5	16.8
NODE_1045_length_85_cov_402.750000	1	85	9	85	100	5.85882	34.8	15.9
NODE_1046_length_85_cov_331.875000	1	85	24	85	100	18.3059	34.6	9
NODE_1047_length_85_cov_300.000000	1	85	1	65	76.4706	0.764706	26.8	0
NODE_1048_length_85_cov_284.625000	1	85	47	85	100	41.5529	32.9	14.3
NODE_1049_length_85_cov_265.875000	1	85	3	60	70.5882	1.78824	28.9	0
NODE_1050_length_85_cov_175.500000	1	85	6	85	100	4.91765	33.6	0
NODE_1051_length_85_cov_108.125000	1	85	2	57	67.0588	1.34118	35.5	49
NODE_1052_length_85_cov_58.250000	1	85	5	51	60	2.45882	33.7	16.6
NODE_1053_length_84_cov_3848.285714	1	84	137	84	100	91.25	27.4	0
NODE_1054_length_84_cov_1719.142857	1	84	12	84	100	7.08333	32.3	3
NODE_1055_length_84_cov_1599.571429	1	84	59	82	97.619	36.9881	33.9	7.66
NODE_1056_length_84_cov_1156.428571	1	84	1	32	38.0952	0.380952	30.2	0
NODE_1057_length_84_cov_1114.428571	1	84	4	83	98.8095	3.84524	28.5	7.25
NODE_1058_length_84_cov_612.428571	1	84	2	81	96.4286	1.70238	28.1	3
NODE_1059_length_84_cov_355.714286	1	84	7	84	100	5.85714	34	0
NODE_1060_length_84_cov_209.571429	1	84	4	68	80.9524	1.94048	33.1	26.2
NODE_1061_length_84_cov_170.000000	1	84	2	58	69.0476	0.880952	27.9	0
NODE_1063_length_84_cov_137.571429	1	84	6	84	100	3.33333	30	4
NODE_1064_length_84_cov_136.000000	1	84	31	83	98.8095	27.2738	34.1	1.39
NODE_1065_length_84_cov_39.428571	1	84	1	69	82.1429	0.821429	37	0
NODE_1066_length_83_cov_6177.666667	1	83	93	83	100	56.8313	33.8	7.24
NODE_1068_length_83_cov_2310.000000	1	83	5	57	68.6747	2.55422	33	22.8
NODE_1069_length_82_cov_2108.500000	1	82	4	80	97.561	2.71951	31.5	45.5
NODE_1070_length_83_cov_2072.000000	1	83	5	82	98.7952	4.18072	34.6	0
NODE_1071_length_83_cov_1852.166667	1	83	2	65	78.3133	1.42169	32.6	0
NODE_1072_length_83_cov_1235.000000	1	83	1	63	75.9036	0.759036	36.4	0
NODE_1073_length_83_cov_1052.166667	1	83	1	49	59.0361	0.590361	35.7	0
NODE_1074_length_83_cov_949.333333	1	83	2	83	100	1.91566	33.3	14
NODE_1075_length_83_cov_818.666667	1	83	3	65	78.3133	2.07229	33.6	0
NODE_1076_length_83_cov_726.833333	1	83	22	83	100	18.241	33.8	3.91
NODE_1077_length_83_cov_602.833333	1	83	4	83	100	2.93976	33.2	5
NODE_1078_length_83_cov_592.500000	1	83	1	55	66.2651	0.662651	33.1	0
NODE_1079_length_83_cov_450.666667	1	83	7	83	100	4.71084	32.8	1
NODE_1082_length_83_cov_408.333333	1	83	2	48	57.8313	1.06024	28.1	0
NODE_1083_length_83_cov_332.833333	1	83	2	60	72.2892	1.15663	27.4	1
NODE_1084_length_83_cov_320.833333	1	83	4	77	92.7711	2.63855	33.1	2.5
NODE_1086_length_83_cov_307.333333	1	83	3	83	100	1.96386	31.5	12.7
NODE_1089_length_83_cov_204.166667	1	83	39	83	100	30.2289	34.6	3.82
NODE_1091_length_83_cov_188.833333	1	83	1	74	89.1566	0.891566	24.9	0
NODE_1095_length_83_cov_145.000000	1	83	8	71	85.5422	4.6747	32.6	0
NODE_1097_length_83_cov_123.666667	1	83	1	48	57.8313	0.578313	36.2	0
NODE_1098_length_83_cov_113.500000	1	83	6	75	90.3614	3.77108	35.7	0
NODE_1099_length_83_cov_106.000000	1	83	4	83	100	2.61446	31.3	0
NODE_1100_length_83_cov_104.833333	1	83	1	63	75.9036	0.759036	36.8	0
NODE_1102_length_84_cov_81.333333	1	84	10	84	100	8.2381	32.6	18
NODE_1103_length_83_cov_80.833333	1	83	3	72	86.747	1.96386	31.2	0
NODE_1105_length_83_cov_65.166667	1	83	3	83	100	2.49398	31.1	0
NODE_1106_length_83_cov_56.666667	1	83	1	44	53.012	0.53012	28.7	26
NODE_1107_length_83_cov_50.666667	1	83	1	65	78.3133	0.783133	36.6	0
NODE_1108_length_83_cov_49.833333	1	83	1	47	56.6265	0.566265	25.6	0
NODE_1109_length_83_cov_46.166667	1	83	1	81	97.5904	0.975904	27.6	0
NODE_1110_length_83_cov_45.333333	1	83	7	75	90.3614	3.75904	33.5	0
NODE_1112_length_83_cov_40.333333	1	83	7	73	87.9518	5.9759	33.6	25.4
NODE_1116_length_83_cov_38.000000	1	83	1	39	46.988	0.46988	35.7	0
NODE_1117_length_83_cov_35.500000	1	83	1	64	77.1084	0.771084	31.5	0
NODE_1119_length_82_cov_32.833333	1	82	1	56	68.2927	0.682927	27.2	60
NODE_1120_length_83_cov_26.833333	1	83	3	75	90.3614	2.18072	34.6	0
NODE_1122_length_82_cov_4349.200000	1	82	135	82	100	92	27.9	0.037
NODE_1123_length_82_cov_1293.000000	1	82	11	70	85.3659	8.54878	35.1	8.18
NODE_1124_length_82_cov_1041.400000	1	82	1	82	100	1	36.6	1
NODE_1125_length_82_cov_308.200000	1	82	1	80	97.561	0.97561	36.5	0
NODE_1126_length_82_cov_277.200000	1	82	3	78	95.122	1.60976	29.5	9.67
NODE_1128_length_82_cov_134.800000	1	82	29	76	92.6829	21.3902	35.3	0
NODE_1129_length_82_cov_106.800000	1	82	1	76	92.6829	0.926829	36.5	0
NODE_1131_length_82_cov_102.000000	1	82	5	82	100	3.2439	33.5	11.2
NODE_1133_length_82_cov_78.200000	1	82	7	82	100	6.31707	35.5	2.71
NODE_1135_length_81_cov_4725.000000	1	81	172	81	100	127.173	28.9	0
NODE_1136_length_81_cov_3047.000000	1	81	86	81	100	55	27.3	0
NODE_1137_length_81_cov_2497.500000	1	81	57	81	100	35.9753	25.2	0.0526
NODE_1138_length_81_cov_1900.750000	1	81	6	76	93.8272	4.06173	29.7	1.67
NODE_1139_length_81_cov_1699.000000	1	81	1	69	85.1852	0.851852	26.7	3
NODE_1140_length_81_cov_1056.000000	1	81	6	73	90.1235	4.34568	23.5	0
NODE_1141_length_81_cov_716.000000	1	81	132	79	97.5309	93.0988	28.5	0.508
NODE_1142_length_81_cov_702.750000	1	81	8	75	92.5926	4.2963	23.5	0
NODE_1143_length_81_cov_613.250000	1	81	3	76	93.8272	2.17284	30.8	0
NODE_1144_length_81_cov_397.750000	1	81	11	81	100	6.93827	28.6	13.1
NODE_1146_length_81_cov_307.000000	1	81	111	81	100	90.9753	29.8	5.38
NODE_1147_length_81_cov_194.250000	1	81	4	80	98.7654	3	34.3	0
NODE_1148_length_81_cov_188.250000	1	81	4	57	70.3704	2.20988	31.1	0
NODE_1149_length_80_cov_6028.666667	1	80	22	74	92.5	10.2	31.8	1.23
NODE_1150_length_80_cov_3070.000000	1	80	7	69	86.25	4.5	30.2	0.429
NODE_1151_length_80_cov_2756.000000	1	80	69	80	100	40.925	25	0
NODE_1152_length_80_cov_2413.000000	1	80	44	76	95	25.375	25.6	0
NODE_1153_length_80_cov_2286.333333	1	80	30	78	97.5	17.775	24.7	0
NODE_1154_length_80_cov_1612.000000	1	80	18	71	88.75	10.6125	30.5	0.167
NODE_1155_length_80_cov_1601.333333	1	80	3	78	97.5	2.75	27.7	0
NODE_1156_length_80_cov_1428.000000	1	80	1	71	88.75	0.8875	36.7	3
NODE_1157_length_80_cov_1170.000000	1	80	5	76	95	4.225	34.3	0
NODE_1159_length_80_cov_979.000000	1	80	1	34	42.5	0.425	35.5	0
NODE_1162_length_80_cov_820.666667	1	80	3	79	98.75	1.8875	28.7	0
NODE_1163_length_80_cov_817.333333	1	80	1	55	68.75	0.6875	35.7	0
NODE_1164_length_80_cov_778.000000	1	80	2	53	66.25	1.325	30.7	0
NODE_1165_length_80_cov_628.666667	1	80	34	80	100	22.2625	34.5	1.76
NODE_1167_length_80_cov_480.333333	1	80	1	66	82.5	0.825	37	0
NODE_1168_length_80_cov_425.333333	1	80	3	72	90	2.375	33.2	0.333
NODE_1169_length_80_cov_377.666667	1	80	3	80	100	2.3625	33.3	2
NODE_1170_length_80_cov_371.000000	1	80	2	36	45	0.85	33	0
NODE_1171_length_80_cov_368.333333	1	80	9	80	100	5.7	35.6	17.4
NODE_1172_length_80_cov_363.000000	1	80	1	43	53.75	0.5375	36.7	0
NODE_1174_length_80_cov_345.333333	1	80	1	75	93.75	0.9375	35	0
NODE_1176_length_80_cov_331.666667	1	80	1	64	80	0.8	26.2	0
NODE_1178_length_80_cov_304.666667	1	80	2	74	92.5	1.475	25.7	0
NODE_1179_length_80_cov_282.333333	1	80	4	71	88.75	1.875	31.6	1.5
NODE_1180_length_80_cov_277.333333	1	80	20	60	75	13.8625	34.1	0
NODE_1181_length_80_cov_268.000000	1	80	2	67	83.75	1.6	32.1	13.5
NODE_1183_length_80_cov_221.666667	1	80	6	60	75	3.5375	34.4	11.2
NODE_1184_length_80_cov_192.000000	1	80	1	66	82.5	0.825	32.4	0
NODE_1187_length_80_cov_162.333333	1	80	3	71	88.75	2.225	27.8	0
NODE_1189_length_80_cov_148.000000	1	80	1	35	43.75	0.4375	32.7	0
NODE_1191_length_80_cov_110.666667	1	80	1	33	41.25	0.4125	37	0
NODE_1192_length_80_cov_108.000000	1	80	2	67	83.75	1.175	33.5	0
NODE_1193_length_80_cov_107.000000	1	80	4	70	87.5	2.325	36.1	0
NODE_1195_length_80_cov_104.666667	1	80	2	71	88.75	1.3	33.5	0
NODE_1196_length_80_cov_83.666667	1	80	5	50	62.5	2.7375	34.4	17
NODE_1197_length_80_cov_77.666667	1	80	3	73	91.25	2.5625	32.2	0
NODE_1198_length_80_cov_74.666667	1	80	4	52	65	2.075	36.2	0
NODE_1200_length_80_cov_70.333333	1	80	7	80	100	4.0625	31	4.43
NODE_1201_length_80_cov_68.000000	1	80	1	54	67.5	0.675	31.7	0
NODE_1202_length_80_cov_67.666667	1	80	19	80	100	16.5125	33.5	0
NODE_1204_length_80_cov_40.000000	1	80	1	46	57.5	0.575	28.2	48
NODE_1207_length_80_cov_36.333333	1	80	11	78	97.5	5.95	33.7	29.7
NODE_1209_length_80_cov_31.000000	1	80	3	66	82.5	2.025	29.6	0
NODE_1212_length_79_cov_4905.500000	1	79	145	79	100	111.532	29.1	0
NODE_1213_length_79_cov_4848.000000	1	79	146	78	98.7342	114.911	29.6	0
NODE_1214_length_79_cov_1312.000000	1	79	2	75	94.9367	0.949367	24.4	2.5
NODE_1215_length_79_cov_1005.500000	1	79	17	79	100	16.9494	35	1.47
NODE_1216_length_79_cov_998.000000	1	79	25	79	100	24.4177	34.5	2.04
NODE_1217_length_79_cov_808.000000	1	79	114	79	100	80.7089	35.6	15.5
NODE_1219_length_79_cov_378.000000	1	79	42	79	100	34.8481	34	0
NODE_1220_length_79_cov_338.500000	1	79	1	63	79.7468	0.797468	35	0
NODE_1221_length_79_cov_293.000000	1	79	2	68	86.0759	1.65823	31.6	0
NODE_1223_length_79_cov_264.000000	1	79	2	76	96.2025	1.91139	36.3	3.5
NODE_1224_length_79_cov_237.000000	1	79	12	79	100	10.1772	33.8	1.75
NODE_1225_length_79_cov_220.000000	1	79	1	33	41.7722	0.417722	27.4	0
NODE_1226_length_79_cov_179.500000	1	79	75	77	97.4684	50.9494	35.1	23.8
NODE_1227_length_79_cov_153.000000	1	79	23	79	100	14.4557	34.7	0
NODE_1228_length_79_cov_148.500000	1	79	2	62	78.481	1.20253	36.6	0
NODE_1229_length_79_cov_142.500000	1	79	7	76	96.2025	4.16456	34.6	8.57
NODE_1230_length_79_cov_123.500000	1	79	1	69	87.3418	0.873418	37	0
NODE_1231_length_79_cov_113.500000	1	79	1	69	87.3418	0.873418	34.2	0
NODE_1233_length_79_cov_93.500000	1	79	7	57	72.1519	4.49367	36.3	0
NODE_1234_length_79_cov_89.500000	1	79	2	78	98.7342	1.36709	27.8	0
NODE_1235_length_79_cov_86.500000	1	79	2	44	55.6962	0.822785	25.9	0
NODE_1236_length_79_cov_52.500000	1	79	8	76	96.2025	6.92405	34.9	0
NODE_1237_length_79_cov_49.500000	1	79	7	78	98.7342	5.86076	34.4	1.14
NODE_1238_length_79_cov_41.000000	1	79	2	77	97.4684	1.24051	27.1	0
NODE_1239_length_79_cov_40.000000	1	79	2	55	69.6203	1.10127	30	18.5
NODE_1240_length_79_cov_37.000000	1	79	1	44	55.6962	0.556962	36.4	0
NODE_1241_length_79_cov_35.000000	1	79	6	79	100	5.41772	34.7	0
NODE_1243_length_78_cov_16617.000000	1	78	12	78	100	7.69231	25.7	0
NODE_1244_length_78_cov_12229.000000	1	78	19	78	100	16.8333	32.6	19.1
NODE_1245_length_78_cov_8682.000000	1	78	34	78	100	23.9872	30.8	0
NODE_1246_length_78_cov_8386.000000	1	78	16	78	100	14.7692	30.7	0
NODE_1247_length_78_cov_3688.000000	1	78	9	73	93.5897	6.47436	33.3	0
NODE_1248_length_78_cov_3190.000000	1	78	7	78	100	5.82051	30.4	0
NODE_1249_length_78_cov_3163.000000	1	78	61	78	100	41.1795	25.8	0
NODE_1250_length_78_cov_2261.000000	1	78	26	72	92.3077	14.0256	24	0
NODE_1251_length_78_cov_2094.000000	1	78	33	77	98.7179	20.1795	25.4	0
NODE_1252_length_78_cov_868.000000	1	78	70	78	100	53.7821	34.4	12
NODE_1253_length_78_cov_782.000000	1	78	2	56	71.7949	1.42308	35.9	0
NODE_1254_length_78_cov_688.000000	1	78	19	76	97.4359	14.0385	35.1	0
NODE_1255_length_78_cov_359.000000	1	78	93	78	100	84.359	35.2	10.6
NODE_1258_length_78_cov_338.000000	1	78	18	78	100	14.9231	34.6	0
NODE_1259_length_78_cov_300.000000	1	78	10	78	100	8.32051	32.1	0
NODE_1261_length_78_cov_176.000000	1	78	3	69	88.4615	2.05128	34.6	0
NODE_1262_length_78_cov_169.000000	1	78	8	70	89.7436	5.67949	35.1	0
NODE_1263_length_78_cov_166.000000	1	78	8	78	100	6.61538	29.4	0
NODE_1264_length_78_cov_163.000000	1	78	2	68	87.1795	1.53846	27.2	0
NODE_1265_length_78_cov_80.000000	1	78	1	69	88.4615	0.884615	34.5	0
NODE_436_length_155_cov_43.435897	1	155	0	0	0	0	0	0
NODE_437_length_155_cov_40.910256	1	155	0	0	0	0	0	0
NODE_448_length_155_cov_35.525641	1	155	0	0	0	0	0	0
NODE_453_length_155_cov_32.615385	1	155	0	0	0	0	0	0
NODE_456_length_155_cov_29.769231	1	155	0	0	0	0	0	0
NODE_459_length_155_cov_27.051282	1	155	0	0	0	0	0	0
NODE_587_length_122_cov_40.466667	1	122	0	0	0	0	0	0
NODE_609_length_116_cov_148.307692	1	116	0	0	0	0	0	0
NODE_626_length_113_cov_62.750000	1	113	0	0	0	0	0	0
NODE_639_length_113_cov_1.138889	1	113	0	0	0	0	0	0
NODE_679_length_107_cov_110.200000	1	107	0	0	0	0	0	0
NODE_685_length_107_cov_2.566667	1	107	0	0	0	0	0	0
NODE_691_length_105_cov_6.535714	1	105	0	0	0	0	0	0
NODE_703_length_104_cov_60.740741	1	104	0	0	0	0	0	0
NODE_705_length_103_cov_470.615385	1	103	0	0	0	0	0	0
NODE_706_length_103_cov_420.346154	1	103	0	0	0	0	0	0
NODE_737_length_101_cov_378.416667	1	101	0	0	0	0	0	0
NODE_746_length_101_cov_33.083333	1	101	0	0	0	0	0	0
NODE_767_length_98_cov_294.571429	1	98	0	0	0	0	0	0
NODE_778_length_98_cov_66.619048	1	98	0	0	0	0	0	0
NODE_779_length_98_cov_58.142857	1	98	0	0	0	0	0	0
NODE_784_length_98_cov_31.904762	1	98	0	0	0	0	0	0
NODE_790_length_97_cov_196.450000	1	97	0	0	0	0	0	0
NODE_795_length_97_cov_45.550000	1	97	0	0	0	0	0	0
NODE_799_length_97_cov_31.600000	1	97	0	0	0	0	0	0
NODE_802_length_96_cov_254.578947	1	96	0	0	0	0	0	0
NODE_804_length_96_cov_36.315789	1	96	0	0	0	0	0	0
NODE_826_length_95_cov_136.555556	1	95	0	0	0	0	0	0
NODE_828_length_95_cov_100.277778	1	95	0	0	0	0	0	0
NODE_832_length_95_cov_77.388889	1	95	0	0	0	0	0	0
NODE_842_length_94_cov_248.294118	1	94	0	0	0	0	0	0
NODE_845_length_94_cov_141.411765	1	94	0	0	0	0	0	0
NODE_847_length_94_cov_122.176471	1	94	0	0	0	0	0	0
NODE_848_length_94_cov_117.294118	1	94	0	0	0	0	0	0
NODE_862_length_92_cov_557.266667	1	92	0	0	0	0	0	0
NODE_872_length_92_cov_300.200000	1	92	0	0	0	0	0	0
NODE_873_length_92_cov_299.600000	1	92	0	0	0	0	0	0
NODE_874_length_92_cov_268.800000	1	92	0	0	0	0	0	0
NODE_877_length_92_cov_257.933333	1	92	0	0	0	0	0	0
NODE_878_length_92_cov_254.733333	1	92	0	0	0	0	0	0
NODE_882_length_92_cov_132.200000	1	92	0	0	0	0	0	0
NODE_886_length_92_cov_95.333333	1	92	0	0	0	0	0	0
NODE_888_length_92_cov_88.866667	1	92	0	0	0	0	0	0
NODE_892_length_92_cov_56.800000	1	92	0	0	0	0	0	0
NODE_894_length_92_cov_37.200000	1	92	0	0	0	0	0	0
NODE_899_length_91_cov_278.214286	1	91	0	0	0	0	0	0
NODE_904_length_91_cov_111.857143	1	91	0	0	0	0	0	0
NODE_908_length_90_cov_352.538462	1	90	0	0	0	0	0	0
NODE_910_length_90_cov_279.384615	1	90	0	0	0	0	0	0
NODE_913_length_90_cov_109.230769	1	90	0	0	0	0	0	0
NODE_926_length_89_cov_816.583333	1	89	0	0	0	0	0	0
NODE_930_length_89_cov_486.000000	1	89	0	0	0	0	0	0
NODE_931_length_89_cov_393.666667	1	89	0	0	0	0	0	0
NODE_934_length_89_cov_296.916667	1	89	0	0	0	0	0	0
NODE_938_length_89_cov_228.916667	1	89	0	0	0	0	0	0
NODE_939_length_89_cov_227.416667	1	89	0	0	0	0	0	0
NODE_940_length_89_cov_222.833333	1	89	0	0	0	0	0	0
NODE_951_length_89_cov_119.333333	1	89	0	0	0	0	0	0
NODE_954_length_89_cov_111.166667	1	89	0	0	0	0	0	0
NODE_956_length_89_cov_107.083333	1	89	0	0	0	0	0	0
NODE_958_length_89_cov_89.666667	1	89	0	0	0	0	0	0
NODE_965_length_89_cov_39.000000	1	89	0	0	0	0	0	0
NODE_967_length_89_cov_35.833333	1	89	0	0	0	0	0	0
NODE_969_length_89_cov_22.166667	1	89	0	0	0	0	0	0
NODE_970_length_88_cov_567.818182	1	88	0	0	0	0	0	0
NODE_973_length_88_cov_210.727273	1	88	0	0	0	0	0	0
NODE_978_length_88_cov_71.636364	1	88	0	0	0	0	0	0
NODE_979_length_88_cov_39.454545	1	88	0	0	0	0	0	0
NODE_1005_length_86_cov_443.444444	1	86	0	0	0	0	0	0
NODE_1008_length_86_cov_350.333333	1	86	0	0	0	0	0	0
NODE_1011_length_86_cov_328.000000	1	86	0	0	0	0	0	0
NODE_1012_length_86_cov_327.888889	1	86	0	0	0	0	0	0
NODE_1015_length_86_cov_296.222222	1	86	0	0	0	0	0	0
NODE_1016_length_86_cov_295.111111	1	86	0	0	0	0	0	0
NODE_1021_length_86_cov_221.333333	1	86	0	0	0	0	0	0
NODE_1028_length_86_cov_118.777778	1	86	0	0	0	0	0	0
NODE_1033_length_86_cov_88.888889	1	86	0	0	0	0	0	0
NODE_1043_length_85_cov_532.250000	1	85	0	0	0	0	0	0
NODE_1062_length_84_cov_156.857143	1	84	0	0	0	0	0	0
NODE_1067_length_83_cov_4369.000000	1	83	0	0	0	0	0	0
NODE_1080_length_83_cov_447.500000	1	83	0	0	0	0	0	0
NODE_1081_length_83_cov_413.000000	1	83	0	0	0	0	0	0
NODE_1085_length_83_cov_318.333333	1	83	0	0	0	0	0	0
NODE_1087_length_83_cov_287.833333	1	83	0	0	0	0	0	0
NODE_1088_length_83_cov_224.500000	1	83	0	0	0	0	0	0
NODE_1090_length_83_cov_189.666667	1	83	0	0	0	0	0	0
NODE_1092_length_83_cov_167.833333	1	83	0	0	0	0	0	0
NODE_1093_length_83_cov_153.333333	1	83	0	0	0	0	0	0
NODE_1094_length_83_cov_150.666667	1	83	0	0	0	0	0	0
NODE_1096_length_83_cov_131.500000	1	83	0	0	0	0	0	0
NODE_1101_length_83_cov_81.666667	1	83	0	0	0	0	0	0
NODE_1104_length_83_cov_72.000000	1	83	0	0	0	0	0	0
NODE_1111_length_83_cov_42.000000	1	83	0	0	0	0	0	0
NODE_1113_length_83_cov_39.500000	1	83	0	0	0	0	0	0
NODE_1114_length_83_cov_38.666667	1	83	0	0	0	0	0	0
NODE_1115_length_83_cov_38.500000	1	83	0	0	0	0	0	0
NODE_1118_length_83_cov_34.333333	1	83	0	0	0	0	0	0
NODE_1121_length_83_cov_22.166667	1	83	0	0	0	0	0	0
NODE_1127_length_82_cov_201.200000	1	82	0	0	0	0	0	0
NODE_1130_length_82_cov_103.800000	1	82	0	0	0	0	0	0
NODE_1132_length_82_cov_88.200000	1	82	0	0	0	0	0	0
NODE_1134_length_82_cov_46.000000	1	82	0	0	0	0	0	0
NODE_1145_length_81_cov_395.000000	1	81	0	0	0	0	0	0
NODE_1158_length_80_cov_984.000000	1	80	0	0	0	0	0	0
NODE_1160_length_80_cov_901.666667	1	80	0	0	0	0	0	0
NODE_1161_length_80_cov_854.666667	1	80	0	0	0	0	0	0
NODE_1166_length_80_cov_548.333333	1	80	0	0	0	0	0	0
NODE_1173_length_80_cov_354.666667	1	80	0	0	0	0	0	0
NODE_1175_length_80_cov_335.666667	1	80	0	0	0	0	0	0
NODE_1177_length_80_cov_309.333333	1	80	0	0	0	0	0	0
NODE_1182_length_80_cov_245.666667	1	80	0	0	0	0	0	0
NODE_1185_length_80_cov_189.333333	1	80	0	0	0	0	0	0
NODE_1186_length_80_cov_188.333333	1	80	0	0	0	0	0	0
NODE_1188_length_80_cov_161.000000	1	80	0	0	0	0	0	0
NODE_1190_length_80_cov_141.333333	1	80	0	0	0	0	0	0
NODE_1194_length_80_cov_106.333333	1	80	0	0	0	0	0	0
NODE_1199_length_80_cov_71.000000	1	80	0	0	0	0	0	0
NODE_1203_length_80_cov_45.333333	1	80	0	0	0	0	0	0
NODE_1205_length_80_cov_39.666667	1	80	0	0	0	0	0	0
NODE_1206_length_80_cov_36.666667	1	80	0	0	0	0	0	0
NODE_1208_length_80_cov_34.333333	1	80	0	0	0	0	0	0
NODE_1210_length_80_cov_27.333333	1	80	0	0	0	0	0	0
NODE_1211_length_80_cov_5.000000	1	80	0	0	0	0	0	0
NODE_1218_length_79_cov_649.000000	1	79	0	0	0	0	0	0
NODE_1222_length_79_cov_284.500000	1	79	0	0	0	0	0	0
NODE_1232_length_79_cov_108.500000	1	79	0	0	0	0	0	0
NODE_1242_length_78_cov_559967.000000	1	78	0	0	0	0	0	0
NODE_1256_length_78_cov_345.000000	1	78	0	0	0	0	0	0
NODE_1257_length_78_cov_343.000000	1	78	0	0	0	0	0	0
NODE_1260_length_78_cov_222.000000	1	78	0	0	0	0	0	0
