#rname	startpos	endpos	numreads	covbases	coverage	meandepth	meanbaseq	meanmapq
NODE_1_length_1135593_cov_40.957521	1	1135593	824540	1135593	100	103.797	35.2	60
NODE_2_length_804112_cov_42.490005	1	804112	605452	804112	100	107.592	35.2	60
NODE_3_length_740418_cov_42.395271	1	740418	555198	740418	100	107.299	35.2	60
NODE_4_length_564992_cov_40.800517	1	564992	408402	564992	100	103.178	35.2	60
NODE_5_length_557717_cov_43.498865	1	557717	432065	557629	99.9842	110.609	35.2	59.8
NODE_6_length_544069_cov_41.067861	1	544069	396563	544069	100	104.134	35.2	60
NODE_7_length_521296_cov_41.255292	1	521296	381251	521296	100	104.422	35.2	60
NODE_8_length_476297_cov_41.468806	1	476297	350676	476297	100	105.264	35.2	60
NODE_9_length_402447_cov_42.711383	1	402447	304732	402447	100	108.263	35.2	60
NODE_10_length_368534_cov_40.780262	1	368534	265752	368534	100	103.117	35.2	60
NODE_11_length_362918_cov_43.458432	1	362918	279356	362918	100	110.006	35.2	60
NODE_12_length_353187_cov_42.588193	1	353187	266736	353187	100	107.934	35.2	60
NODE_13_length_337130_cov_42.541790	1	337130	254391	337130	100	107.83	35.2	60
NODE_14_length_327417_cov_41.745604	1	327417	242033	327417	100	105.784	35.2	60
NODE_15_length_294507_cov_42.578803	1	294507	222639	294507	100	108.066	35.2	59.9
NODE_16_length_287935_cov_41.650269	1	287935	212453	287935	100	105.603	35.2	60
NODE_17_length_284128_cov_40.897004	1	284128	205213	284128	100	103.294	35.2	60
NODE_18_length_238291_cov_42.234004	1	238291	178954	238291	100	107.296	35.2	60
NODE_19_length_230432_cov_44.075266	1	230432	180057	230432	100	111.707	35.2	60
NODE_20_length_228207_cov_42.943563	1	228207	173937	228207	100	108.84	35.2	60
NODE_21_length_209890_cov_45.195498	1	209890	168611	209890	100	114.674	35.2	59.9
NODE_22_length_188953_cov_44.523296	1	188953	148911	188953	100	112.55	35.2	60
NODE_23_length_185034_cov_42.668366	1	185034	139786	185034	100	107.993	35.2	60
NODE_24_length_178636_cov_41.453973	1	178636	130855	178636	100	104.877	35.2	60
NODE_25_length_166927_cov_40.697782	1	166927	120556	166927	100	103.04	35.2	59.8
NODE_26_length_158077_cov_42.272918	1	158077	118598	158077	100	107.29	35.2	59.8
NODE_27_length_134160_cov_40.933280	1	134160	97574	134160	100	104.008	35.2	60
NODE_28_length_118776_cov_40.886267	1	118776	85677	118776	100	103.188	35.2	60
NODE_29_length_96039_cov_41.607418	1	96039	71330	96039	100	106.021	35.2	60
NODE_30_length_91049_cov_43.784131	1	91049	70641	91049	100	110.963	35.2	60
NODE_31_length_88140_cov_42.573794	1	88140	66306	88140	100	107.463	35.2	59.9
NODE_32_length_83093_cov_41.848198	1	83093	61709	83093	100	106.108	35.2	60
NODE_33_length_78574_cov_46.055709	1	78574	66369	78574	100	120.106	35.2	59.1
NODE_34_length_70927_cov_44.124488	1	70927	55698	70927	100	111.852	35.2	59.4
NODE_35_length_58969_cov_42.526438	1	58969	44079	58933	99.939	106.73	35.2	59.8
NODE_36_length_58614_cov_43.319866	1	58614	45065	58614	100	109.788	35.2	60
NODE_37_length_46441_cov_51.390583	1	46441	38809	46441	100	118.468	35.2	58.7
NODE_38_length_38834_cov_40.637975	1	38834	27926	38751	99.7863	103.005	35.2	60
NODE_39_length_30133_cov_49.349947	1	30133	26623	30133	100	125.165	35.2	59.7
NODE_40_length_27745_cov_36.529709	1	27745	18050	27745	100	92.7702	35.2	59.8
NODE_41_length_26805_cov_578.404482	1	26805	276047	26805	100	1436.43	35.3	59.9
NODE_42_length_24533_cov_39.532303	1	24533	17302	24533	100	99.9784	35.2	59.3
NODE_43_length_19522_cov_53.641039	1	19522	18795	19522	100	135.541	35.3	58.4
NODE_44_length_18442_cov_47.493057	1	18442	15636	18442	100	120.483	35.2	59.8
NODE_45_length_15682_cov_49.732073	1	15682	13702	15682	100	124.835	35.2	59.9
NODE_46_length_11376_cov_60.277635	1	11376	13217	11376	100	160.906	35.1	57.1
NODE_47_length_9834_cov_69.866557	1	9834	16638	9834	100	233.176	35.3	52.4
NODE_48_length_8443_cov_39.976811	1	8443	7846	8443	100	129.297	35	53.3
NODE_49_length_7946_cov_48.185030	1	7946	6760	7946	100	121.505	35.2	59.6
NODE_50_length_6342_cov_41.718436	1	6342	5126	6342	100	113.756	35.2	55.3
NODE_51_length_5830_cov_51.535894	1	5830	5302	5830	100	128.328	35.2	58
NODE_52_length_4289_cov_62.451330	1	4289	6235	4289	100	199.318	35.2	50.4
NODE_53_length_3802_cov_53.901477	1	3802	3601	3802	100	134.337	35.3	59.7
NODE_54_length_3799_cov_887.510478	1	3799	57151	3799	100	2133.77	35.2	59.8
NODE_55_length_2370_cov_66.754470	1	2370	3427	2370	100	203.235	35.2	51.9
NODE_56_length_2139_cov_831.848206	1	2139	30034	2139	100	1984.31	35.1	59.6
NODE_57_length_1834_cov_49.412066	1	1834	1562	1834	100	120.359	35.1	59.6
NODE_58_length_1754_cov_754.980322	1	1754	22454	1754	100	1801.94	35.1	59.6
NODE_59_length_1496_cov_128.884426	1	1496	3461	1496	100	315.685	34.8	36.3
NODE_60_length_1422_cov_47.891450	1	1422	1151	1422	100	113.262	35.2	58.4
NODE_61_length_1279_cov_178.979201	1	1279	5159	1279	100	556.516	35.1	46.3
NODE_62_length_1245_cov_844.963185	1	1245	17106	1245	100	1941.33	35.2	59.5
NODE_63_length_1223_cov_73.886562	1	1223	1594	1223	100	182.859	35.2	58.8
NODE_64_length_1084_cov_710.592850	1	1084	13014	1084	100	1699.86	35.3	57.8
NODE_65_length_1051_cov_84.895277	1	1051	1464	1051	100	196.232	35.3	59.5
NODE_66_length_994_cov_54.707743	1	994	1177	994	100	170.176	35.4	54.8
NODE_67_length_963_cov_69.707675	1	963	2079	963	100	306.468	35	51.4
NODE_68_length_926_cov_62.621908	1	926	1128	926	100	173.835	35.3	55.3
NODE_69_length_924_cov_1.220779	1	924	16	924	100	2.6039	35.3	60
NODE_70_length_917_cov_1.610714	1	917	20	917	100	3.2868	35.4	60
NODE_71_length_878_cov_1.364544	1	878	19	878	100	3.11048	34.7	60
NODE_72_length_876_cov_1.382979	1	876	22	876	100	3.69292	34.6	60
NODE_73_length_870_cov_48.525851	1	870	692	870	100	111.169	35.2	58.4
NODE_74_length_860_cov_74.605364	1	860	1591	860	100	229.924	35.2	41.3
NODE_75_length_843_cov_712.426893	1	843	9714	843	100	1611.15	35.1	59.5
NODE_76_length_771_cov_1.505764	1	771	21	771	100	3.71077	34.6	60
NODE_77_length_751_cov_99.298220	1	751	1176	751	100	220.422	35.2	59.2
NODE_78_length_749_cov_88.419643	1	749	1192	749	100	223.143	35.3	57.5
NODE_79_length_732_cov_72.203053	1	732	2603	732	100	485.798	35.1	46
NODE_80_length_725_cov_91.828704	1	725	3738	725	100	704.579	35.1	42
NODE_81_length_702_cov_1.508800	1	702	16	702	100	3.38177	34.8	60
NODE_82_length_687_cov_77.098361	1	687	870	687	100	177.153	35.4	57.4
NODE_83_length_635_cov_105.225806	1	635	1202	635	100	264.209	35.3	55
NODE_84_length_621_cov_0.770221	1	621	14	621	100	2.46538	35.1	57.1
NODE_85_length_620_cov_824.349908	1	620	7850	620	100	1770.29	35.1	59.3
NODE_86_length_599_cov_1.835249	1	599	17	599	100	4.22871	34.6	60
NODE_87_length_585_cov_1.513780	1	585	12	585	100	3.08718	35.6	60
NODE_88_length_582_cov_2.443564	1	582	18	582	100	4.50172	35.4	60
NODE_89_length_548_cov_1.237792	1	548	8	548	100	2.18978	36.1	60
NODE_90_length_546_cov_776.660981	1	546	6450	546	100	1647.49	35.1	58.9
NODE_91_length_543_cov_1.491416	1	543	16	543	100	3.96317	35.5	60
NODE_92_length_527_cov_1.500000	1	527	11	527	100	3.03795	36.1	60
NODE_93_length_522_cov_66.853933	1	522	722	522	100	186.477	34.9	46.3
NODE_94_length_512_cov_265.158621	1	512	3389	512	100	872.533	34.8	46.9
NODE_95_length_512_cov_1.234483	1	512	10	512	100	2.94922	33.6	60
NODE_96_length_508_cov_1.468677	1	508	14	508	100	3.83071	34.5	60
NODE_97_length_503_cov_1.396714	1	503	10	503	100	2.99801	34.6	60
NODE_98_length_499_cov_1.668246	1	499	12	499	100	3.63126	34.8	60
NODE_99_length_495_cov_1.674641	1	495	14	495	100	3.58384	34.8	58.6
NODE_100_length_486_cov_1.652812	1	486	11	486	100	3.4177	34.6	60
NODE_101_length_485_cov_83.171569	1	485	615	485	100	176.635	35	58.9
NODE_102_length_475_cov_105.768844	1	475	720	475	100	211.667	35.5	59.4
NODE_103_length_465_cov_133.956186	1	465	970	465	100	280.077	35.2	55.9
NODE_104_length_458_cov_297.388451	1	458	5233	458	100	1581.88	35	50.2
NODE_105_length_456_cov_1.171504	1	456	6	456	100	1.98684	36	60
NODE_106_length_454_cov_0.981432	1	454	5	454	100	1.663	36.6	60
NODE_107_length_450_cov_1.608579	1	450	10	450	100	3.28444	35.6	60
NODE_108_length_449_cov_86.696237	1	449	576	449	100	178.996	35.3	59
NODE_109_length_445_cov_1.206522	1	445	8	445	100	2.71461	33.7	60
NODE_110_length_429_cov_0.840909	1	429	4	429	100	1.40793	36.3	60
NODE_111_length_429_cov_0.798295	1	429	8	429	100	2.48252	35	60
NODE_112_length_425_cov_79.885057	1	425	632	425	100	197.04	35.2	49.1
NODE_113_length_422_cov_1.402899	1	422	8	422	100	2.86256	34.7	60
NODE_114_length_416_cov_1.073746	1	416	6	416	100	2.09615	33.6	60
NODE_115_length_413_cov_85.342262	1	413	546	413	100	185.053	35.4	55.2
NODE_116_length_411_cov_0.808383	1	411	4	411	100	1.46959	33.7	60
NODE_117_length_406_cov_1.227964	1	406	6	406	100	2.133	35.5	60
NODE_118_length_402_cov_92.156923	1	402	586	402	100	202.06	35.3	56
NODE_119_length_398_cov_1.012461	1	398	5	398	100	1.89698	34.7	60
NODE_120_length_396_cov_1.855799	1	396	8	396	100	3.05051	36	60
NODE_121_length_395_cov_0.933962	1	395	6	395	100	2.17468	34.6	60
NODE_122_length_389_cov_71.009615	1	389	389	389	100	138.846	35.1	59.4
NODE_123_length_388_cov_2.581994	1	388	12	388	100	4.58247	36.2	60
NODE_124_length_383_cov_694.542484	1	383	3772	383	100	1379.77	35.3	56.9
NODE_125_length_376_cov_700.464883	1	376	3778	376	100	1379.2	34.8	58.5
NODE_126_length_364_cov_1572.512195	1	364	7578	364	100	2697.86	35.1	52.8
NODE_127_length_364_cov_2.508711	1	364	14	364	100	4.51099	36.3	60
NODE_128_length_364_cov_1.574913	1	364	8	364	100	3.07692	35.6	60
NODE_129_length_360_cov_2.325088	1	360	50	360	100	10.6056	34	55.2
NODE_130_length_358_cov_1.053381	1	358	4	358	100	1.68715	35.4	60
NODE_131_length_357_cov_81.942857	1	357	403	357	100	157.532	34.9	59
NODE_132_length_356_cov_816.996416	1	356	4125	356	100	1598.55	34.8	58.7
NODE_133_length_356_cov_0.767025	1	356	3	356	100	1.27247	29.7	60
NODE_134_length_345_cov_81.451493	1	345	391	345	100	153.829	35.4	58.8
NODE_135_length_344_cov_2.464419	1	344	81	344	100	15.1977	35.5	38.5
NODE_136_length_343_cov_1133.827068	1	343	5193	343	100	2108.28	35.1	57.9
NODE_137_length_341_cov_159.075758	1	341	921	341	100	360.545	35.1	52.1
NODE_138_length_339_cov_1.541985	1	339	7	339	100	3.11799	34.1	60
NODE_139_length_338_cov_0.858238	1	338	10	338	100	2.97633	35.5	57.2
NODE_140_length_330_cov_1.837945	1	330	8	330	100	3.41818	35.2	60
NODE_141_length_329_cov_1.523810	1	329	6	329	100	2.7538	35.8	60
NODE_142_length_327_cov_2.504000	1	327	9	327	100	4.15596	35.6	60
NODE_143_length_322_cov_168.502041	1	322	716	322	100	310.925	35.3	58.3
NODE_144_length_318_cov_1.228216	1	318	4	318	100	1.89937	36.4	60
NODE_145_length_318_cov_1.087137	1	318	4	318	100	1.89308	35.9	60
NODE_146_length_312_cov_1.480851	1	312	6	312	100	2.90385	34.8	60
NODE_147_length_309_cov_813.663793	1	309	3363	309	100	1476.71	35	58
NODE_148_length_309_cov_1.163793	1	309	5	309	100	2.11974	36.6	60
NODE_149_length_307_cov_77.543478	1	307	336	307	100	150.244	35.1	53.4
NODE_150_length_307_cov_51.391304	1	307	190	307	100	84.6059	35.4	58.1
NODE_151_length_306_cov_0.965066	1	306	4	306	100	1.97386	31.3	34.5
NODE_152_length_305_cov_114.969298	1	305	488	305	100	217.593	35.1	57.1
NODE_153_length_305_cov_2.333333	1	305	9	305	100	4.45574	35.5	60
NODE_154_length_305_cov_2.035088	1	305	7	305	100	3.28852	36.5	60
NODE_155_length_304_cov_1.920705	1	304	6	304	100	2.95395	35.9	60
NODE_156_length_301_cov_623.325893	1	301	3063	301	100	1367.68	35.3	45.5
NODE_157_length_299_cov_1.531532	1	299	5	299	100	2.52508	35.3	60
NODE_158_length_297_cov_2.218182	1	297	8	297	100	3.71717	36.8	60
NODE_159_length_294_cov_1.364055	1	294	4	294	100	2.05442	36.7	60
NODE_160_length_293_cov_86.273148	1	293	325	293	100	152.331	35.3	58.4
NODE_161_length_292_cov_1.376744	1	292	4	292	100	2.06849	36.5	60
NODE_162_length_291_cov_2.411215	1	291	9	291	100	4.40893	35.2	60
NODE_163_length_289_cov_1.419811	1	289	5	289	100	2.61246	34.9	60
NODE_164_length_289_cov_1.396226	1	289	4	289	100	2.08997	36	60
NODE_165_length_288_cov_1.289100	1	288	4	288	100	2.09722	33.6	60
NODE_166_length_288_cov_1.255924	1	288	4	288	100	2.09722	34.8	60
NODE_167_length_287_cov_57.614286	1	287	262	287	100	120.098	35.1	50.5
NODE_168_length_287_cov_0.780952	1	287	25	287	100	5.8885	36	53.8
NODE_169_length_284_cov_1.222222	1	284	4	284	100	2.12676	34.1	60
NODE_170_length_283_cov_1.436893	1	283	4	283	100	2.13428	36.6	60
NODE_171_length_283_cov_1.000000	1	283	10	283	100	3.13074	35	60
NODE_172_length_282_cov_300.921951	1	282	1345	282	100	646.34	35.2	42.2
NODE_174_length_281_cov_0.725490	1	281	2	281	100	1.07473	36.4	60
NODE_175_length_280_cov_1.458128	1	280	6	280	100	3.23571	34.5	60
NODE_176_length_280_cov_0.817734	1	280	7	280	100	1.83929	28.2	18.4
NODE_177_length_280_cov_0.596059	1	280	32	280	100	10.0929	34.4	46.1
NODE_178_length_279_cov_1.653465	1	279	6	279	100	3.21147	34.9	60
NODE_179_length_279_cov_0.980198	1	279	10	279	100	2.80287	35.5	45.8
NODE_180_length_278_cov_564.412935	1	278	2012	278	100	873.41	34.5	25.9
NODE_181_length_278_cov_1.502488	1	278	7	278	100	2.85971	35.2	60
NODE_182_length_278_cov_0.736318	1	278	2	278	100	1.08633	35.6	60
NODE_183_length_278_cov_0.736318	1	278	2	278	100	1.08633	36.7	60
NODE_184_length_278_cov_0.736318	1	278	2	278	100	1.08633	36.4	60
NODE_185_length_277_cov_0.740000	1	277	2	277	100	1.09025	36.6	60
NODE_186_length_275_cov_44.772727	1	275	164	275	100	79.1418	34.6	56.6
NODE_187_length_275_cov_2.777778	1	275	8	275	100	4.24	36.1	60
NODE_188_length_275_cov_1.494949	1	275	4	275	100	2.19636	35.2	60
NODE_189_length_274_cov_0.751269	1	274	2	274	100	1.10219	36.6	60
NODE_190_length_274_cov_0.736041	1	274	2	274	100	1.10219	34.2	60
NODE_191_length_273_cov_0.755102	1	273	2	273	100	1.10623	34	60
NODE_192_length_273_cov_0.755102	1	273	2	273	100	1.10623	36.5	60
NODE_193_length_273_cov_0.755102	1	273	2	273	100	1.10623	35.7	60
NODE_194_length_273_cov_0.755102	1	273	2	273	100	1.10623	36.4	60
NODE_195_length_273_cov_0.755102	1	273	2	273	100	1.10623	34.5	60
NODE_196_length_272_cov_0.758974	1	272	2	272	100	1.11029	36.2	60
NODE_197_length_272_cov_0.758974	1	272	2	272	100	1.11029	36.3	60
NODE_198_length_272_cov_0.758974	1	272	2	272	100	1.11029	30.9	60
NODE_199_length_272_cov_0.758974	1	272	2	272	100	1.11029	34.8	60
NODE_200_length_272_cov_0.758974	1	272	2	272	100	1.11029	34	60
NODE_201_length_271_cov_1.994845	1	271	30	271	100	9.14391	34.6	59.2
NODE_202_length_271_cov_1.525773	1	271	4	271	100	2.22878	35.9	60
NODE_203_length_271_cov_0.886598	1	271	2	191	70.4797	0.704797	31.1	48.5
NODE_204_length_271_cov_0.762887	1	271	2	271	100	1.11439	33	60
NODE_205_length_271_cov_0.762887	1	271	2	271	100	1.11439	35.7	60
NODE_206_length_271_cov_0.762887	1	271	2	271	100	1.11439	33.7	60
NODE_207_length_271_cov_0.762887	1	271	2	271	100	1.11439	36.6	60
NODE_208_length_271_cov_0.762887	1	271	2	271	100	1.11439	35.2	60
NODE_209_length_271_cov_0.762887	1	271	2	271	100	1.11439	36.3	60
NODE_210_length_271_cov_0.711340	1	271	2	271	100	1.09963	26.7	60
NODE_211_length_270_cov_0.766839	1	270	2	270	100	1.11852	35.5	60
NODE_212_length_270_cov_0.766839	1	270	8	270	100	1.76296	35.5	25.2
NODE_213_length_269_cov_0.875000	1	269	2	269	100	1.12268	29.4	60
NODE_214_length_269_cov_0.770833	1	269	2	269	100	1.12268	26.5	60
NODE_215_length_268_cov_1.549738	1	268	4	268	100	2.25373	36.2	60
NODE_216_length_266_cov_346.888889	1	266	1752	266	100	919.763	35.3	46.6
NODE_217_length_266_cov_52.365079	1	266	210	266	100	107.508	35.6	45.8
NODE_218_length_266_cov_0.783069	1	266	2	266	100	1.13534	33.8	60
NODE_219_length_265_cov_1.106383	1	265	3	265	100	1.70943	30.7	28.3
NODE_220_length_265_cov_0.787234	1	265	2	265	100	1.13962	35.6	60
NODE_221_length_265_cov_0.787234	1	265	2	265	100	1.13962	29.3	60
NODE_222_length_264_cov_1.149733	1	264	1	151	57.197	0.57197	31.4	60
NODE_223_length_264_cov_0.893048	1	264	3	264	100	1.68939	32.2	60
NODE_224_length_264_cov_0.791444	1	264	2	264	100	1.14394	36.2	60
NODE_225_length_264_cov_0.791444	1	264	2	264	100	1.14394	36.5	60
NODE_226_length_264_cov_0.791444	1	264	2	264	100	1.14394	35.7	60
NODE_227_length_263_cov_2.403226	1	263	8	263	100	4.1597	35.3	60
NODE_228_length_263_cov_0.795699	1	263	2	263	100	1.14829	33.8	60
NODE_229_length_263_cov_0.795699	1	263	2	263	100	1.14829	35.6	60
NODE_230_length_263_cov_0.795699	1	263	2	263	100	1.14829	36.6	60
NODE_231_length_263_cov_0.795699	1	263	2	263	100	1.14829	34.4	60
NODE_232_length_262_cov_1.102703	1	262	4	262	100	2.30534	34.2	60
NODE_233_length_262_cov_0.800000	1	262	8	262	100	1.64122	36.1	52.5
NODE_234_length_262_cov_0.800000	1	262	2	262	100	1.15267	29.9	60
NODE_235_length_262_cov_0.740541	1	262	2	262	100	1.15267	33.3	60
NODE_236_length_262_cov_0.589189	1	262	4	262	100	1.8855	33	60
NODE_237_length_261_cov_2.027174	1	261	6	261	100	3.47126	35.5	60
NODE_238_length_261_cov_1.130435	1	261	3	224	85.8238	1.72797	34.6	25.3
NODE_240_length_260_cov_0.808743	1	260	2	260	100	1.16154	35.9	60
NODE_241_length_260_cov_0.808743	1	260	2	260	100	1.16154	35.7	60
NODE_242_length_260_cov_0.808743	1	260	2	260	100	1.16154	36.5	60
NODE_243_length_260_cov_0.808743	1	260	2	260	100	1.16154	36.6	60
NODE_244_length_260_cov_0.710383	1	260	2	260	100	1.16154	32.6	60
NODE_245_length_259_cov_307.395604	1	259	910	259	100	476.05	35	48.6
NODE_246_length_259_cov_209.598901	1	259	807	259	100	417.664	35.2	50.4
NODE_247_length_259_cov_163.439560	1	259	548	259	100	274.799	35.6	54.5
NODE_248_length_259_cov_1.104396	1	259	137	259	100	71.6873	34.8	31.5
NODE_249_length_259_cov_0.813187	1	259	2	259	100	1.16602	34.5	60
NODE_250_length_259_cov_0.758242	1	259	2	259	100	1.13514	26.7	60
NODE_251_length_258_cov_0.817680	1	258	2	258	100	1.17054	36.4	60
NODE_252_length_258_cov_0.790055	1	258	2	258	100	1.17054	31.4	60
NODE_253_length_257_cov_1.061111	1	257	3	257	100	1.76265	35.4	60
NODE_254_length_257_cov_0.822222	1	257	2	257	100	1.1751	36.6	60
NODE_255_length_257_cov_0.822222	1	257	2	257	100	1.1751	35.7	60
NODE_256_length_257_cov_0.822222	1	257	2	257	100	1.1751	33.4	60
NODE_257_length_256_cov_1.653631	1	256	4	256	100	2.35938	36.4	60
NODE_258_length_256_cov_1.620112	1	256	4	256	100	2.33594	36.5	60
NODE_259_length_256_cov_1.273743	1	256	1	151	58.9844	0.589844	32.7	7
NODE_260_length_256_cov_0.826816	1	256	2	256	100	1.17969	36.4	60
NODE_261_length_256_cov_0.687151	1	256	2	256	100	1.08203	24.6	60
NODE_262_length_255_cov_0.960674	1	255	4	255	100	1.79216	35.9	60
NODE_263_length_255_cov_0.831461	1	255	2	255	100	1.18431	36.4	60
NODE_264_length_255_cov_0.831461	1	255	2	255	100	1.18431	36.8	60
NODE_265_length_255_cov_0.831461	1	255	2	255	100	1.18431	36.4	60
NODE_266_length_255_cov_0.831461	1	255	2	255	100	1.18431	35.5	60
NODE_267_length_255_cov_0.831461	1	255	2	255	100	1.18431	35.4	60
NODE_268_length_255_cov_0.747191	1	255	2	255	100	1.18431	25.8	60
NODE_269_length_255_cov_0.730337	1	255	2	255	100	1.18431	34.5	60
NODE_270_length_254_cov_0.943503	1	254	1	151	59.4488	0.594488	31.2	28
NODE_271_length_254_cov_0.836158	1	254	2	254	100	1.18898	34.6	60
NODE_272_length_254_cov_0.802260	1	254	2	254	100	1.18898	27.5	60
NODE_273_length_254_cov_0.683616	1	254	2	254	100	1.15354	25.8	60
NODE_274_length_253_cov_343.164773	1	253	1176	253	100	527.431	35.2	50.7
NODE_275_length_253_cov_0.840909	1	253	2	253	100	1.19368	35.8	60
NODE_276_length_253_cov_0.840909	1	253	2	253	100	1.19368	36.5	60
NODE_277_length_253_cov_0.840909	1	253	4	253	100	2.38735	30.7	60
NODE_278_length_253_cov_0.755682	1	253	2	253	100	1.19368	34.4	60
NODE_279_length_252_cov_71.262857	1	252	223	252	100	119.286	35.3	58.1
NODE_280_length_252_cov_3.137143	1	252	12	252	100	6.99206	34.2	60
NODE_281_length_252_cov_1.588571	1	252	4	252	100	2.3254	36.7	60
NODE_282_length_252_cov_0.845714	1	252	2	252	100	1.19841	36.6	60
NODE_283_length_252_cov_0.845714	1	252	2	252	100	1.19841	34.6	60
NODE_284_length_252_cov_0.845714	1	252	2	252	100	1.19841	36.5	60
NODE_285_length_252_cov_0.714286	1	252	2	252	100	1.19841	31.3	60
NODE_286_length_251_cov_1.827586	1	251	6	251	100	3.40239	36	60
NODE_287_length_251_cov_1.701149	1	251	4	251	100	2.40637	35.4	60
NODE_288_length_251_cov_0.850575	1	251	2	251	100	1.20319	36.4	60
NODE_289_length_251_cov_0.850575	1	251	2	251	100	1.20319	34	60
NODE_290_length_251_cov_0.850575	1	251	2	251	100	1.20319	36.4	60
NODE_291_length_251_cov_0.850575	1	251	2	251	100	1.20319	34.4	60
NODE_292_length_251_cov_0.758621	1	251	2	251	100	1.20319	27.4	56.5
NODE_293_length_250_cov_683.809249	1	250	2218	250	100	1166.08	35.5	52.6
NODE_294_length_250_cov_1.658960	1	250	22	250	100	4.356	35.7	38.5
NODE_295_length_250_cov_1.000000	1	250	1	151	60.4	0.604	32.6	36
NODE_296_length_250_cov_0.988439	1	250	10	250	100	3.792	34.7	40.3
NODE_297_length_250_cov_0.855491	1	250	2	250	100	1.208	36.4	60
NODE_298_length_250_cov_0.855491	1	250	2	250	100	1.208	36.8	60
NODE_299_length_250_cov_0.855491	1	250	2	250	100	1.208	36	60
NODE_300_length_250_cov_0.815029	1	250	2	250	100	1.208	32	60
NODE_301_length_250_cov_0.797688	1	250	2	250	100	1.168	27.2	60
NODE_302_length_250_cov_0.739884	1	250	2	250	100	1.208	36.2	60
NODE_303_length_250_cov_0.676301	1	250	2	250	100	1.084	26.6	60
NODE_304_length_250_cov_0.647399	1	250	4	250	100	1.464	36.1	60
NODE_305_length_249_cov_1.372093	1	249	4	249	100	2.27309	35.9	60
NODE_307_length_249_cov_1.122093	1	249	3	156	62.6506	1.31325	35.3	10.7
NODE_308_length_249_cov_0.953488	1	249	4	249	100	2.38554	33.4	60
NODE_309_length_249_cov_0.860465	1	249	2	249	100	1.21285	33.8	60
NODE_310_length_249_cov_0.860465	1	249	2	249	100	1.21285	34.6	60
NODE_311_length_249_cov_0.860465	1	249	2	249	100	1.21285	36.3	60
NODE_312_length_249_cov_0.790698	1	249	2	249	100	1.21285	26.2	60
NODE_313_length_249_cov_0.744186	1	249	2	249	100	1.21285	34.9	60
NODE_314_length_248_cov_1.116959	1	248	2	204	82.2581	1.21774	35.9	60
NODE_316_length_247_cov_0.870588	1	247	2	247	100	1.22267	30.2	51.5
NODE_317_length_246_cov_1.213018	1	246	20	246	100	6.85772	34.6	60
NODE_318_length_246_cov_0.875740	1	246	2	246	100	1.22764	33.8	60
NODE_319_length_246_cov_0.875740	1	246	2	246	100	1.22764	36.1	60
NODE_320_length_246_cov_0.875740	1	246	2	246	100	1.22764	36.5	60
NODE_321_length_246_cov_0.875740	1	246	4	246	100	1.47154	36	30
NODE_322_length_246_cov_0.869822	1	246	2	246	100	1.22764	30.9	55.5
NODE_323_length_246_cov_0.319527	1	246	12	246	100	3.0935	34.7	44.3
NODE_324_length_245_cov_2.107143	1	245	8	245	100	3.95918	36.4	60
NODE_325_length_245_cov_1.333333	1	245	28	245	100	7.91837	33.9	60
NODE_326_length_245_cov_1.107143	1	245	16	245	100	4.18776	33.2	5.12
NODE_327_length_245_cov_0.880952	1	245	2	245	100	1.23265	36	60
NODE_328_length_245_cov_0.880952	1	245	2	245	100	1.23265	35.7	60
NODE_329_length_245_cov_0.880952	1	245	2	245	100	1.23265	35.8	60
NODE_330_length_245_cov_0.880952	1	245	2	245	100	1.23265	36.8	60
NODE_332_length_244_cov_0.886228	1	244	1	151	61.8852	0.618852	30.5	60
NODE_333_length_244_cov_0.886228	1	244	2	244	100	1.2377	36.8	60
NODE_334_length_244_cov_0.886228	1	244	2	244	100	1.2377	35.8	60
NODE_335_length_244_cov_0.706587	1	244	2	244	100	1.2377	33.6	60
NODE_336_length_243_cov_52.451807	1	243	359	243	100	198.424	35.1	43.5
NODE_337_length_243_cov_1.349398	1	243	4	243	100	2.4856	35.5	60
NODE_338_length_243_cov_0.891566	1	243	2	243	100	1.2428	27.2	57
NODE_339_length_243_cov_0.891566	1	243	2	243	100	1.2428	36.5	60
NODE_340_length_243_cov_0.879518	1	243	2	243	100	1.2428	30.5	46
NODE_341_length_243_cov_0.789157	1	243	2	243	100	1.2428	35.8	60
NODE_342_length_243_cov_0.662651	1	243	2	243	100	1.08642	25.1	60
NODE_343_length_242_cov_1.048485	1	242	3	154	63.6364	0.88843	32.3	15
NODE_344_length_242_cov_0.896970	1	242	2	242	100	1.24793	36.2	60
NODE_345_length_242_cov_0.896970	1	242	2	242	100	1.24793	36.7	60
NODE_346_length_242_cov_0.896970	1	242	2	242	100	1.24793	30.6	43
NODE_347_length_242_cov_0.896970	1	242	3	242	100	1.52066	31.6	48.3
NODE_348_length_242_cov_0.896970	1	242	2	242	100	1.24793	36.7	60
NODE_349_length_242_cov_0.884848	1	242	2	242	100	1.24793	30.1	57
NODE_350_length_242_cov_0.884848	1	242	2	242	100	1.24793	29.4	60
NODE_351_length_241_cov_0.902439	1	241	2	241	100	1.25311	36.1	60
NODE_352_length_241_cov_0.902439	1	241	2	241	100	1.25311	35.8	60
NODE_353_length_241_cov_0.902439	1	241	2	241	100	1.25311	36.3	60
NODE_354_length_241_cov_0.902439	1	241	2	241	100	1.25311	36.6	60
NODE_355_length_241_cov_0.902439	1	241	1	151	62.6556	0.626556	26.8	60
NODE_356_length_241_cov_0.902439	1	241	1	151	62.6556	0.626556	31.1	60
NODE_357_length_241_cov_0.902439	1	241	10	241	100	1.9917	35.8	58
NODE_358_length_241_cov_0.902439	1	241	2	241	100	1.25311	36.3	60
NODE_359_length_241_cov_0.890244	1	241	2	241	100	1.25311	30.2	49
NODE_360_length_241_cov_0.884146	1	241	1	151	62.6556	0.626556	29.7	60
NODE_361_length_241_cov_0.878049	1	241	2	241	100	1.25311	30	60
NODE_362_length_241_cov_0.829268	1	241	2	241	100	1.25311	32.6	60
NODE_363_length_240_cov_1.398773	1	240	5	240	100	2.57917	35	60
NODE_364_length_240_cov_0.907975	1	240	2	240	100	1.25833	36.6	60
NODE_365_length_240_cov_0.907975	1	240	2	240	100	1.25833	36	60
NODE_366_length_240_cov_0.895706	1	240	2	240	100	1.25	29.8	60
NODE_367_length_240_cov_0.852761	1	240	2	240	100	1.25833	34.8	60
NODE_368_length_240_cov_0.736196	1	240	2	240	100	1.14167	26	60
NODE_369_length_240_cov_0.711656	1	240	2	240	100	1.25833	34.2	60
NODE_370_length_239_cov_0.987654	1	239	3	239	100	1.84519	36.1	60
NODE_371_length_239_cov_0.913580	1	239	2	239	100	1.2636	35	60
NODE_372_length_239_cov_0.913580	1	239	2	239	100	1.2636	27.3	60
NODE_373_length_239_cov_0.913580	1	239	2	239	100	1.2636	36.7	60
NODE_374_length_239_cov_0.913580	1	239	2	239	100	1.2636	35.7	60
NODE_375_length_239_cov_0.907407	1	239	2	239	100	1.2636	28	60
NODE_376_length_239_cov_0.907407	1	239	2	239	100	1.2636	29.6	55.5
NODE_377_length_239_cov_0.759259	1	239	2	239	100	1.19247	25.8	60
NODE_378_length_238_cov_1.366460	1	238	4	238	100	2.21849	36.5	60
NODE_379_length_238_cov_0.919255	1	238	1	151	63.4454	0.634454	32.9	43
NODE_380_length_238_cov_0.919255	1	238	2	238	100	1.26891	36.3	60
NODE_381_length_238_cov_0.906832	1	238	1	151	63.4454	0.634454	24.9	60
NODE_382_length_238_cov_0.906832	1	238	1	151	63.4454	0.634454	29.4	60
NODE_383_length_238_cov_0.869565	1	238	2	238	100	1.26471	27.7	54
NODE_384_length_238_cov_0.801242	1	238	2	185	77.7311	1.26891	29.4	34.5
NODE_385_length_237_cov_106.631250	1	237	205	237	100	116.565	35.2	47.5
NODE_386_length_237_cov_44.475000	1	237	87	237	100	48.5738	35.2	44.3
NODE_387_length_237_cov_2.018750	1	237	6	237	100	3.4346	36.6	60
NODE_389_length_237_cov_0.925000	1	237	2	237	100	1.27426	36.3	60
NODE_390_length_237_cov_0.925000	1	237	2	237	100	1.27426	34.5	60
NODE_391_length_237_cov_0.925000	1	237	2	237	100	1.27426	36	60
NODE_392_length_237_cov_0.925000	1	237	2	237	100	1.27426	36.2	60
NODE_393_length_237_cov_0.925000	1	237	2	237	100	1.27426	36.8	60
NODE_394_length_237_cov_0.925000	1	237	2	237	100	1.27426	36.1	60
NODE_395_length_237_cov_0.862500	1	237	2	237	100	1.27426	27.5	60
NODE_396_length_237_cov_0.656250	1	237	2	237	100	1.12236	26.4	60
NODE_397_length_236_cov_0.930818	1	236	2	236	100	1.27966	34.4	60
NODE_398_length_236_cov_0.911950	1	236	2	236	100	1.26695	29.5	59
NODE_399_length_236_cov_0.880503	1	236	2	236	100	1.27966	25.9	60
NODE_400_length_236_cov_0.880503	1	236	3	236	100	1.7839	29.4	39
NODE_401_length_236_cov_0.874214	1	236	2	236	100	1.27966	35.3	60
NODE_402_length_236_cov_0.861635	1	236	2	236	100	1.27966	27.1	58.5
NODE_403_length_236_cov_0.748428	1	236	2	236	100	1.27966	35.1	60
NODE_404_length_236_cov_0.723270	1	236	2	236	100	1.27966	34.6	60
NODE_405_length_235_cov_0.936709	1	235	2	235	100	1.28511	36.7	60
NODE_406_length_235_cov_0.936709	1	235	2	235	100	1.28511	36.2	60
NODE_407_length_235_cov_0.936709	1	235	2	235	100	1.28511	36.5	60
NODE_408_length_235_cov_0.936709	1	235	17	235	100	5.60851	35.1	55.9
NODE_409_length_235_cov_0.936709	1	235	1	151	64.2553	0.642553	30.1	60
NODE_410_length_235_cov_0.936709	1	235	2	235	100	1.28511	35.9	60
NODE_411_length_235_cov_0.924051	1	235	2	235	100	1.28511	32	38.5
NODE_412_length_235_cov_0.822785	1	235	2	235	100	1.28511	32.4	60
NODE_413_length_235_cov_0.740506	1	235	2	235	100	1.24681	28.4	52
NODE_414_length_235_cov_0.721519	1	235	2	235	100	1.2	25.5	60
NODE_415_length_234_cov_1.789809	1	234	4	234	100	2.5812	34.1	60
NODE_416_length_234_cov_1.171975	1	234	3	151	64.5299	1.09829	34.1	7
NODE_417_length_234_cov_0.942675	1	234	2	234	100	1.2906	36.3	60
NODE_418_length_234_cov_0.942675	1	234	2	234	100	1.2906	36.5	60
NODE_419_length_234_cov_0.942675	1	234	2	234	100	1.2906	36.3	60
NODE_420_length_234_cov_0.942675	1	234	2	234	100	1.2906	36.8	60
NODE_421_length_234_cov_0.783439	1	234	2	234	100	1.2906	35.1	60
NODE_422_length_233_cov_115.294872	1	233	364	233	100	206.421	35.2	51.8
NODE_423_length_233_cov_1.500000	1	233	4	233	100	2.59227	34	60
NODE_424_length_233_cov_1.256410	1	233	3	168	72.103	1.17167	32.5	14.3
NODE_427_length_233_cov_1.025641	1	233	2	233	100	1.29614	31.7	48.5
NODE_428_length_233_cov_0.948718	1	233	2	233	100	1.29614	33.6	60
NODE_429_length_233_cov_0.903846	1	233	2	233	100	1.29614	36.4	60
NODE_430_length_233_cov_0.865385	1	233	2	233	100	1.29614	29.9	57
NODE_431_length_233_cov_0.858974	1	233	3	233	100	1.49785	30.2	47.3
NODE_432_length_233_cov_0.846154	1	233	2	233	100	1.29614	33.8	60
NODE_433_length_232_cov_490.980645	1	232	1556	232	100	903.716	35.2	52.8
NODE_434_length_232_cov_1.909677	1	232	4	232	100	2.60345	35.9	60
NODE_435_length_232_cov_0.954839	1	232	2	232	100	1.30172	36.3	60
NODE_436_length_232_cov_0.954839	1	232	2	232	100	1.30172	36.1	60
NODE_437_length_232_cov_0.954839	1	232	2	232	100	1.30172	31.8	60
NODE_438_length_232_cov_0.954839	1	232	2	232	100	1.30172	36.2	60
NODE_439_length_232_cov_0.954839	1	232	2	232	100	1.30172	36.4	60
NODE_440_length_232_cov_0.954839	1	232	2	232	100	1.30172	36.6	60
NODE_441_length_232_cov_0.890323	1	232	2	232	100	1.30172	29.2	51
NODE_442_length_231_cov_1.019481	1	231	2	231	100	1.30736	30.4	51.5
NODE_443_length_231_cov_0.961039	1	231	2	231	100	1.30736	36.4	60
NODE_444_length_231_cov_0.961039	1	231	2	231	100	1.30736	36.4	60
NODE_445_length_231_cov_0.961039	1	231	2	231	100	1.30736	36.1	60
NODE_446_length_231_cov_0.961039	1	231	2	231	100	1.30736	34.9	60
NODE_447_length_231_cov_0.961039	1	231	2	231	100	1.30736	36.4	60
NODE_448_length_231_cov_0.870130	1	231	1	151	65.368	0.65368	27.5	60
NODE_449_length_231_cov_0.870130	1	231	4	231	100	1.54978	31.4	54
NODE_450_length_231_cov_0.863636	1	231	2	231	100	1.30736	30.9	52.5
NODE_451_length_230_cov_57.241830	1	230	104	230	100	59.787	34.9	46
NODE_453_length_230_cov_0.967320	1	230	2	230	100	1.31304	35.7	60
NODE_454_length_230_cov_0.967320	1	230	2	230	100	1.31304	34.9	60
NODE_455_length_230_cov_0.901961	1	230	2	230	100	1.31304	27.4	60
NODE_456_length_230_cov_0.901961	1	230	2	230	100	1.31304	30	43.5
NODE_457_length_230_cov_0.882353	1	230	1	151	65.6522	0.656522	29.2	60
NODE_458_length_230_cov_0.856209	1	230	4	230	100	1.8913	36.4	60
NODE_459_length_230_cov_0.830065	1	230	2	230	100	1.31304	34.2	60
NODE_460_length_230_cov_0.790850	1	230	2	230	100	1.31304	35.1	60
NODE_461_length_229_cov_1.947368	1	229	4	229	100	2.63755	36.4	60
NODE_462_length_229_cov_1.236842	1	229	2	204	89.083	1.31878	36.4	53.5
NODE_463_length_229_cov_1.052632	1	229	3	208	90.8297	1.66376	30	18
NODE_464_length_229_cov_0.973684	1	229	2	229	100	1.31878	35.8	60
NODE_465_length_229_cov_0.973684	1	229	2	229	100	1.31878	34.4	60
NODE_466_length_229_cov_0.973684	1	229	2	229	100	1.31878	30.7	46
NODE_467_length_229_cov_0.973684	1	229	2	229	100	1.31878	36.7	60
NODE_468_length_229_cov_0.973684	1	229	2	229	100	1.31878	36.1	60
NODE_469_length_229_cov_0.934211	1	229	2	229	100	1.31878	29.5	51.5
NODE_470_length_229_cov_0.927632	1	229	2	229	100	1.31878	27	60
NODE_471_length_229_cov_0.927632	1	229	2	229	100	1.31878	29.7	51
NODE_472_length_229_cov_0.894737	1	229	1	149	65.0655	0.650655	28.5	60
NODE_473_length_229_cov_0.888158	1	229	2	229	100	1.31878	27.4	60
NODE_474_length_229_cov_0.868421	1	229	2	229	100	1.31878	28.5	60
NODE_475_length_229_cov_0.861842	1	229	2	229	100	1.31878	29.4	60
NODE_476_length_229_cov_0.861842	1	229	1	151	65.9389	0.659389	31.2	55
NODE_477_length_229_cov_0.763158	1	229	2	229	100	1.31878	36.6	60
NODE_478_length_226_cov_93.771812	1	226	259	226	100	156.779	35.1	58
NODE_479_length_226_cov_39.140940	1	226	68	226	100	37.8673	35.2	49.6
NODE_480_length_224_cov_467.585034	1	224	725	224	100	434.839	35.1	51.3
NODE_481_length_221_cov_41.506944	1	221	253	221	100	151.172	34.8	33.2
NODE_482_length_220_cov_56.062937	1	220	180	220	100	96.3	35	47
NODE_483_length_220_cov_39.503497	1	220	73	220	100	44.6409	34.8	44.8
NODE_484_length_215_cov_52.231884	1	215	293	215	100	173.73	34.8	42.4
NODE_485_length_215_cov_0.557971	1	215	2	142	66.0465	1.32093	36.4	50
NODE_486_length_214_cov_28.335766	1	214	115	214	100	66.1729	34.4	46.2
NODE_487_length_213_cov_47.330882	1	213	124	213	100	78.1925	35.1	52.7
NODE_488_length_212_cov_27.229630	1	212	63	212	100	38.3774	34.8	55.6
NODE_489_length_212_cov_0.533333	1	212	4	145	68.3962	1.83962	33.7	30
NODE_490_length_211_cov_65.664179	1	211	229	211	100	147.82	35.1	49.5
NODE_491_length_209_cov_287.977273	1	209	509	209	100	321.967	35.2	41.8
NODE_492_length_209_cov_1.045455	1	209	240	209	100	147.483	33.9	27.4
NODE_493_length_208_cov_29.580153	1	208	66	208	100	39	34.9	46.2
NODE_494_length_208_cov_0.587786	1	208	134	208	100	87.9904	33.3	34
NODE_495_length_206_cov_1088.651163	1	206	2367	206	100	1352.82	35.4	42.3
NODE_496_length_206_cov_54.348837	1	206	56	206	100	34.966	35.5	44.9
NODE_497_length_205_cov_72.375000	1	205	163	205	100	105.107	35.5	58.4
NODE_498_length_204_cov_0.748031	1	204	2	114	55.8824	1.11765	36.1	14
NODE_499_length_203_cov_107.134921	1	203	193	203	100	123.507	35	44.6
NODE_500_length_199_cov_508.737705	1	199	1231	199	100	805.442	34.9	44.6
NODE_501_length_198_cov_66.231405	1	198	251	198	100	137.141	35	34.8
NODE_502_length_196_cov_462.058824	1	196	727	196	100	487.776	35.2	45.3
NODE_503_length_196_cov_194.478992	1	196	450	196	100	286.398	35.2	50.8
NODE_504_length_196_cov_20.798319	1	196	139	196	100	81.7959	34.3	42.1
NODE_505_length_194_cov_47.025641	1	194	99	194	100	67.2887	35.4	49.9
NODE_506_length_194_cov_33.504274	1	194	74	194	100	51.1804	35	48.8
NODE_507_length_193_cov_48.681034	1	193	100	193	100	69.3264	35.1	49.1
NODE_508_length_193_cov_27.482759	1	193	59	193	100	40.2798	35	44.4
NODE_509_length_192_cov_1.495652	1	192	21	192	100	7.11979	34.8	16.1
NODE_510_length_191_cov_50.359649	1	191	64	191	100	44.8901	35.2	54.1
NODE_511_length_190_cov_117.469027	1	190	341	190	100	239.284	35.4	43.9
NODE_512_length_189_cov_44.946429	1	189	96	189	100	64.9841	35.3	50
NODE_513_length_188_cov_42.927928	1	188	123	188	100	81.6117	34.6	47.4
NODE_514_length_185_cov_2075.416667	1	185	3269	185	100	2309.33	35.2	45.6
NODE_515_length_185_cov_112.157407	1	185	257	185	100	180.832	35.4	37.6
NODE_516_length_185_cov_74.574074	1	185	193	185	100	128.011	34.9	54.2
NODE_517_length_181_cov_133.721154	1	181	428	181	100	281.525	35.2	46.8
NODE_518_length_179_cov_360.843137	1	179	839	179	100	597.542	35	50.3
NODE_519_length_179_cov_61.558824	1	179	104	179	100	77.1508	35.2	56.3
NODE_520_length_178_cov_61.000000	1	178	131	178	100	86.4101	35.2	45.3
NODE_521_length_176_cov_363.313131	1	176	623	176	100	464.483	35.1	50.3
NODE_522_length_176_cov_293.535354	1	176	463	176	100	335.847	35	51
NODE_523_length_176_cov_43.828283	1	176	80	176	100	57.5	35.2	51.7
NODE_524_length_169_cov_192.630435	1	169	358	169	100	262.544	35.4	48.5
NODE_525_length_167_cov_244.411111	1	167	386	167	100	283.683	35.2	47.7
NODE_526_length_165_cov_631.602273	1	165	778	165	100	600.267	35.4	49.5
NODE_527_length_164_cov_46.781609	1	164	102	164	100	77.5793	34.5	36
NODE_528_length_164_cov_30.804598	1	164	78	164	100	55.2256	34.2	42.1
NODE_529_length_163_cov_37.476744	1	163	489	163	100	401.374	35.1	30.5
NODE_530_length_162_cov_145.211765	1	162	1869	162	100	1461.88	35.1	34.6
NODE_531_length_161_cov_74.607143	1	161	116	161	100	90.7143	35.6	52.3
NODE_532_length_160_cov_179.277108	1	160	106	160	100	79.3625	34.9	34.6
NODE_533_length_160_cov_112.638554	1	160	176	160	100	136.562	35.3	43.2
NODE_534_length_158_cov_382.209877	1	158	507	158	100	390.816	34.8	51
NODE_535_length_158_cov_198.839506	1	158	324	158	100	255.601	34.6	52.6
NODE_536_length_158_cov_61.506173	1	158	88	158	100	71.6266	35.1	42
NODE_537_length_156_cov_54.708861	1	156	56	156	100	45.7628	35.3	43.7
NODE_538_length_156_cov_20.506329	1	156	35	156	100	26.9679	34.4	54.6
NODE_539_length_155_cov_502.564103	1	155	382	155	100	301.729	35.2	32.2
NODE_540_length_155_cov_497.256410	1	155	330	155	100	259.181	35.4	29.7
NODE_541_length_155_cov_388.051282	1	155	542	155	100	444.303	35	33.6
NODE_542_length_155_cov_376.012821	1	155	555	155	100	454.535	35	33.7
NODE_543_length_155_cov_264.205128	1	155	153	155	100	104.084	35.1	38.7
NODE_544_length_155_cov_243.858974	1	155	156	155	100	69.3226	35.5	39.1
NODE_545_length_155_cov_107.538462	1	155	257	155	100	198.039	34.6	29.2
NODE_546_length_155_cov_95.538462	1	155	146	155	100	123.2	35.5	33.6
NODE_547_length_155_cov_73.948718	1	155	811	155	100	631.432	29.2	26.8
NODE_548_length_155_cov_57.641026	1	155	22	155	100	16.1613	35.2	41.3
NODE_549_length_155_cov_57.371795	1	155	30	155	100	24.4903	35.8	33.7
NODE_550_length_155_cov_56.384615	1	155	39	155	100	31.5742	35.7	33.7
NODE_551_length_155_cov_56.358974	1	155	24	155	100	19.4258	36	38.1
NODE_552_length_155_cov_53.282051	1	155	6	106	68.3871	2.52903	36.5	54.3
NODE_553_length_155_cov_52.679487	1	155	142	155	100	112.097	34.9	36.3
NODE_554_length_155_cov_50.025641	1	155	20	155	100	14.4581	35.8	34.8
NODE_555_length_155_cov_49.128205	1	155	14	152	98.0645	9.03226	35.8	29.7
NODE_556_length_155_cov_48.628205	1	155	646	155	100	545.652	34	6.99
NODE_557_length_155_cov_48.179487	1	155	116	155	100	81.1484	34.5	40
NODE_558_length_155_cov_45.756410	1	155	26	155	100	22.3871	35.3	31.7
NODE_559_length_155_cov_45.371795	1	155	774	155	100	674.123	35	31.6
NODE_560_length_155_cov_44.679487	1	155	326	155	100	268.052	34.9	36.3
NODE_561_length_155_cov_44.397436	1	155	23	155	100	18.4581	36.1	30.9
NODE_562_length_155_cov_43.153846	1	155	59	155	100	48.6839	35.7	37.8
NODE_563_length_155_cov_42.820513	1	155	32	155	100	25.7161	35.5	17.6
NODE_564_length_155_cov_41.012821	1	155	55	155	100	47.4452	34.5	27.9
NODE_565_length_155_cov_40.076923	1	155	63	155	100	48.7097	35.1	34.2
NODE_566_length_155_cov_39.807692	1	155	67	155	100	54.1355	35.7	32.6
NODE_567_length_155_cov_39.564103	1	155	22	155	100	14.9032	35.2	11.2
NODE_568_length_155_cov_39.179487	1	155	9	155	100	7.4129	35	32.4
NODE_569_length_155_cov_39.102564	1	155	7	155	100	4.84516	36.1	30.4
NODE_570_length_155_cov_37.141026	1	155	60	155	100	48.4581	34.3	36.1
NODE_571_length_155_cov_35.666667	1	155	13	155	100	10.4774	32.5	22.9
NODE_572_length_155_cov_34.653846	1	155	4	154	99.3548	3.22581	36.4	47
NODE_573_length_155_cov_34.448718	1	155	26	155	100	20.1097	33.8	34.5
NODE_574_length_155_cov_34.153846	1	155	46	155	100	38.1484	35.9	32.7
NODE_575_length_155_cov_33.974359	1	155	11	155	100	9.67097	35.2	14.9
NODE_576_length_155_cov_33.128205	1	155	20	155	100	15.7935	35.9	22.9
NODE_577_length_155_cov_32.179487	1	155	6	151	97.4194	4.23226	33.7	35
NODE_578_length_155_cov_29.307692	1	155	30	155	100	22.0968	35.6	29.2
NODE_579_length_155_cov_29.038462	1	155	21	155	100	15.9355	35.6	34.7
NODE_580_length_155_cov_29.038462	1	155	22	150	96.7742	16.7161	34.7	35.3
NODE_581_length_155_cov_24.487179	1	155	942	155	100	815.045	33.8	6.04
NODE_582_length_155_cov_22.602564	1	155	5	124	80	1.8	36.1	20.4
NODE_583_length_155_cov_22.230769	1	155	620	155	100	513.619	33.4	6.53
NODE_584_length_155_cov_21.807692	1	155	685	155	100	592.677	34.2	8.12
NODE_585_length_155_cov_21.743590	1	155	500	155	100	406.387	33.3	7
NODE_586_length_154_cov_246.168831	1	154	454	154	100	359.377	34.7	47.2
NODE_587_length_154_cov_42.792208	1	154	60	154	100	48.9935	35.4	47.4
NODE_588_length_154_cov_25.506494	1	154	579	154	100	466.916	33.2	5.48
NODE_589_length_153_cov_25.855263	1	153	42	153	100	32.2745	34.6	44.5
NODE_590_length_152_cov_434.960000	1	152	482	152	100	399.132	35.1	39.3
NODE_591_length_152_cov_85.133333	1	152	100	152	100	68.9474	33.6	9.93
NODE_592_length_152_cov_50.493333	1	152	98	152	100	75.0197	35.5	48.6
NODE_593_length_152_cov_28.280000	1	152	42	152	100	34.3289	34.4	56.7
NODE_594_length_152_cov_10.293333	1	152	443	152	100	364.789	35	32
NODE_595_length_151_cov_51.540541	1	151	94	151	100	70.6225	34.8	45.1
NODE_596_length_151_cov_50.297297	1	151	130	151	100	111.285	35.4	31.3
NODE_597_length_151_cov_3.189189	1	151	23	151	100	10.2053	35.5	22.9
NODE_598_length_150_cov_205.164384	1	150	251	150	100	197.327	35.1	33
NODE_599_length_149_cov_451.791667	1	149	500	149	100	423.141	35	35.4
NODE_600_length_149_cov_439.194444	1	149	1500	149	100	1318	35.3	47.3
NODE_601_length_149_cov_120.847222	1	149	184	149	100	141.57	34.8	23.9
NODE_602_length_149_cov_76.791667	1	149	501	149	100	431.013	35	33.2
NODE_603_length_149_cov_60.097222	1	149	444	149	100	380.819	34.8	37.5
NODE_604_length_149_cov_49.125000	1	149	106	149	100	91.0604	34.6	39.3
NODE_605_length_149_cov_46.875000	1	149	46	149	100	28.1678	34.5	10.3
NODE_606_length_148_cov_265.985915	1	148	324	148	100	268.257	35.2	35.4
NODE_607_length_148_cov_51.971831	1	148	115	148	100	98.5135	34.6	44.2
NODE_608_length_147_cov_56.957143	1	147	78	147	100	66.7823	35	49.7
NODE_609_length_147_cov_20.571429	1	147	37	147	100	20.9456	34.5	44.5
NODE_610_length_146_cov_2450.478261	1	146	4042	146	100	3489.99	35.5	45.5
NODE_611_length_146_cov_378.753623	1	146	788	146	100	652.671	35.3	37.8
NODE_612_length_146_cov_66.289855	1	146	558	146	100	497.986	34.6	37.3
NODE_613_length_146_cov_55.695652	1	146	214	146	100	185.849	35.3	41.4
NODE_614_length_146_cov_41.927536	1	146	8	131	89.726	3.68493	34.3	1.5
NODE_615_length_146_cov_37.318841	1	146	367	146	100	322.678	34.7	28
NODE_616_length_145_cov_149.544118	1	145	78	145	100	58.8276	35.7	23.8
NODE_617_length_145_cov_44.941176	1	145	107	145	100	64.4	35.7	34.6
NODE_618_length_145_cov_43.705882	1	145	82	145	100	68.0207	34.9	43.1
NODE_619_length_144_cov_332.522388	1	144	200	144	100	154.674	34.8	26.6
NODE_620_length_144_cov_194.253731	1	144	211	144	100	181.5	35	53.2
NODE_621_length_144_cov_81.313433	1	144	180	144	100	142.472	33.2	32.6
NODE_622_length_143_cov_2858.015152	1	143	7833	143	100	6870.5	35.2	44.2
NODE_623_length_143_cov_179.984848	1	143	199	143	100	166.084	35.6	48
NODE_624_length_143_cov_95.818182	1	143	54	143	100	41.028	34.9	31.5
NODE_625_length_143_cov_61.257576	1	143	74	143	100	58.0839	35.5	40.1
NODE_626_length_143_cov_60.681818	1	143	38	143	100	33.2378	34.6	24.8
NODE_627_length_143_cov_60.242424	1	143	1196	143	100	1073.03	34.8	35.3
NODE_628_length_143_cov_53.015152	1	143	125	143	100	100.434	34.9	18.6
NODE_629_length_143_cov_47.818182	1	143	62	143	100	45.3357	34.5	38.5
NODE_630_length_143_cov_43.833333	1	143	1746	143	100	1581.91	35.2	24.8
NODE_631_length_143_cov_38.287879	1	143	530	143	100	468.378	35	33.5
NODE_632_length_142_cov_178.876923	1	142	303	142	100	252.225	33.5	35.1
NODE_633_length_142_cov_73.461538	1	142	168	142	100	131.711	34.9	36.5
NODE_634_length_142_cov_42.015385	1	142	614	142	100	552.592	34.9	35.7
NODE_635_length_141_cov_113.968750	1	141	206	141	100	173.567	33.6	26.9
NODE_636_length_141_cov_56.937500	1	141	122	141	100	97.1631	33.1	25.9
NODE_637_length_141_cov_44.671875	1	141	121	141	100	103.426	35.2	35.1
NODE_638_length_140_cov_273.333333	1	140	450	140	100	364.629	35.1	35.3
NODE_639_length_140_cov_186.619048	1	140	778	140	100	684.607	35	42
NODE_640_length_140_cov_98.333333	1	140	64	140	100	50.8143	35.1	23
NODE_641_length_140_cov_54.857143	1	140	70	140	100	58.3929	35.3	46.8
NODE_642_length_140_cov_44.126984	1	140	66	140	100	55.5643	35.1	18.4
NODE_643_length_140_cov_42.460317	1	140	58	140	100	46.4786	35.2	41.9
NODE_644_length_140_cov_41.396825	1	140	117	140	100	103.436	35.1	36.9
NODE_645_length_140_cov_37.666667	1	140	404	140	100	338.593	34.2	34.1
NODE_646_length_140_cov_28.444444	1	140	99	140	100	73	35	27.4
NODE_647_length_140_cov_1.666667	1	140	93	140	100	80.6429	34.1	37.4
NODE_648_length_139_cov_57.209677	1	139	53	139	100	42.7842	34.9	28.1
NODE_649_length_138_cov_121.983607	1	138	1114	138	100	990	35.1	43.2
NODE_650_length_138_cov_113.245902	1	138	253	138	100	201.362	35.2	41
NODE_651_length_137_cov_130.600000	1	137	155	137	100	138.292	35	32.8
NODE_652_length_137_cov_110.233333	1	137	93	137	100	63.5401	34.6	25.4
NODE_653_length_137_cov_95.833333	1	137	261	137	100	222.518	34.8	21.3
NODE_654_length_137_cov_52.066667	1	137	339	137	100	270.796	35.2	20
NODE_655_length_135_cov_80.120690	1	135	22	135	100	13.8963	34.4	28.5
NODE_656_length_135_cov_74.568966	1	135	29	135	100	16.2963	35.3	20.6
NODE_657_length_135_cov_54.948276	1	135	86	135	100	71.6444	34.9	40.5
NODE_658_length_134_cov_357.982456	1	134	600	134	100	534.336	34.8	42.1
NODE_659_length_134_cov_326.614035	1	134	73	134	100	43.4478	35	26.9
NODE_660_length_134_cov_256.807018	1	134	53	134	100	35.9776	35.8	22
NODE_661_length_134_cov_44.754386	1	134	92	134	100	84.0896	35.3	35.4
NODE_662_length_134_cov_44.491228	1	134	23	134	100	15.0224	34.9	15.9
NODE_663_length_134_cov_23.315789	1	134	27	134	100	23.6045	35.3	51.8
NODE_664_length_134_cov_23.087719	1	134	57	134	100	39.6269	34.7	28.3
NODE_665_length_133_cov_485.982143	1	133	674	133	100	612.173	35.2	43.7
NODE_666_length_133_cov_94.839286	1	133	61	133	100	53.5188	34.7	31.5
NODE_667_length_133_cov_47.607143	1	133	70	133	100	62.015	35	44.2
NODE_668_length_133_cov_37.303571	1	133	62	133	100	54.7519	34.5	18.5
NODE_669_length_132_cov_262.418182	1	132	296	132	100	249.629	35.3	40.9
NODE_670_length_132_cov_126.018182	1	132	174	132	100	144.258	34.5	31.6
NODE_671_length_131_cov_264.722222	1	131	349	131	100	311.435	35	41.5
NODE_672_length_131_cov_195.314815	1	131	909	131	100	762.618	35.1	27.1
NODE_673_length_131_cov_174.314815	1	131	375	131	100	304.313	34.6	34.5
NODE_674_length_131_cov_149.462963	1	131	610	131	100	552.435	35.1	29.3
NODE_675_length_131_cov_125.370370	1	131	111	131	100	86.8626	34.9	17.7
NODE_676_length_131_cov_112.925926	1	131	31	131	100	22.9313	34.8	32.2
NODE_677_length_131_cov_62.611111	1	131	2478	131	100	2364	35.4	39.6
NODE_678_length_131_cov_57.888889	1	131	43	131	100	37.9389	35.8	41.3
NODE_679_length_131_cov_56.314815	1	131	203	131	100	179.504	35.2	30
NODE_680_length_131_cov_51.351852	1	131	20	131	100	15.771	35.3	29.7
NODE_681_length_131_cov_49.111111	1	131	19	131	100	13.2748	34.1	23.4
NODE_682_length_131_cov_42.037037	1	131	25	131	100	16.6489	34.2	24.9
NODE_683_length_129_cov_246.173077	1	129	407	129	100	345.543	34.9	26.3
NODE_684_length_129_cov_48.230769	1	129	49	129	100	44.8062	35.5	50.4
NODE_685_length_128_cov_431.235294	1	128	306	128	100	266.234	35.2	34.1
NODE_686_length_128_cov_271.215686	1	128	232	128	100	209.711	34.8	28.7
NODE_687_length_128_cov_196.980392	1	128	541	128	100	483.211	34.5	23
NODE_688_length_128_cov_155.274510	1	128	749	128	100	662.984	35.5	22
NODE_689_length_128_cov_36.607843	1	128	62	128	100	53.4609	34.6	16.8
NODE_690_length_128_cov_36.274510	1	128	11	127	99.2188	5.32031	35.4	16.6
NODE_691_length_128_cov_34.372549	1	128	196	128	100	166.023	35.2	31.3
NODE_692_length_127_cov_195.020000	1	127	850	127	100	794.039	35.2	35.8
NODE_693_length_127_cov_123.520000	1	127	141	127	100	123.772	35.2	38.6
NODE_694_length_127_cov_2.440000	1	127	2	112	88.189	1.76378	36.9	43
NODE_695_length_126_cov_307.265306	1	126	216	126	100	199.286	34.8	44.8
NODE_696_length_126_cov_285.510204	1	126	42	126	100	31.254	34.2	38.3
NODE_697_length_126_cov_71.918367	1	126	43	126	100	37.0794	35	20.2
NODE_698_length_125_cov_7858.187500	1	125	8084	125	100	7435.24	35.2	37.2
NODE_699_length_125_cov_632.729167	1	125	650	125	100	592.248	34.7	43.3
NODE_700_length_125_cov_280.458333	1	125	193	125	100	175.072	35.1	33.4
NODE_701_length_125_cov_51.479167	1	125	44	125	100	33.496	35.5	33.4
NODE_702_length_125_cov_46.937500	1	125	46	125	100	40.336	34.9	37
NODE_703_length_125_cov_40.750000	1	125	8	125	100	6.488	33.6	30.8
NODE_704_length_125_cov_39.583333	1	125	27	125	100	15.752	34.8	25.3
NODE_705_length_125_cov_21.187500	1	125	31	125	100	21.696	35	24.6
NODE_706_length_124_cov_1465.382979	1	124	458	124	100	355.863	35	32.7
NODE_707_length_124_cov_228.021277	1	124	261	124	100	225.266	34.6	35
NODE_708_length_123_cov_34.673913	1	123	447	123	100	402.943	34.3	29.5
NODE_709_length_122_cov_562.866667	1	122	341	122	100	293.131	35.1	16
NODE_710_length_122_cov_513.622222	1	122	204	122	100	152.959	34.2	18.3
NODE_711_length_122_cov_401.866667	1	122	1917	122	100	1816.39	35.5	31.5
NODE_712_length_122_cov_231.711111	1	122	52	122	100	33.9262	33.4	18.4
NODE_713_length_122_cov_48.800000	1	122	3	60	49.1803	1.18033	33.2	0
NODE_714_length_121_cov_430.363636	1	121	112	121	100	85.281	35.4	31.9
NODE_715_length_121_cov_20.318182	1	121	277	121	100	258.306	34.5	24.7
NODE_716_length_120_cov_75.651163	1	120	66	120	100	60.6583	35.1	38.7
NODE_717_length_119_cov_346.666667	1	119	426	119	100	400.202	34.8	25.6
NODE_718_length_119_cov_256.523810	1	119	204	119	100	191.328	35.5	26.1
NODE_719_length_119_cov_254.690476	1	119	220	119	100	200.924	35.6	24.5
NODE_720_length_119_cov_223.928571	1	119	25	119	100	15.3193	36	29
NODE_721_length_119_cov_192.333333	1	119	275	119	100	243.345	35	33.3
NODE_722_length_119_cov_172.119048	1	119	38	119	100	28.2773	34.9	19.7
NODE_723_length_119_cov_147.095238	1	119	1495	119	100	1412.28	35.6	31.2
NODE_724_length_119_cov_94.547619	1	119	31	119	100	17.8908	33.4	16.4
NODE_725_length_119_cov_88.928571	1	119	61	119	100	49.2521	34.4	30.2
NODE_726_length_119_cov_60.571429	1	119	11	116	97.479	6.88235	36.6	18.6
NODE_727_length_119_cov_43.476190	1	119	1105	119	100	1051.69	35.5	26.4
NODE_728_length_119_cov_19.571429	1	119	15	119	100	11.1513	34.1	1.67
NODE_729_length_118_cov_4009.658537	1	118	2961	118	100	2810.05	35.2	32
NODE_730_length_118_cov_101.219512	1	118	17	118	100	14.2458	33.9	31
NODE_731_length_118_cov_39.878049	1	118	30	118	100	26.1356	33.9	31.6
NODE_732_length_118_cov_35.634146	1	118	18	118	100	17.2542	35	34.4
NODE_733_length_117_cov_424.675000	1	117	307	117	100	287.496	34.9	39.2
NODE_734_length_117_cov_160.075000	1	117	27	114	97.4359	18.6923	35.2	26.6
NODE_735_length_117_cov_52.250000	1	117	19	117	100	16.5726	32.7	16.4
NODE_736_length_116_cov_466.538462	1	116	313	116	100	288.534	35	20.8
NODE_737_length_116_cov_360.230769	1	116	54	116	100	40.3966	34.8	38.2
NODE_738_length_116_cov_285.871795	1	116	245	116	100	226.983	34.7	35.5
NODE_739_length_116_cov_206.769231	1	116	690	116	100	660.81	35.1	26.6
NODE_740_length_116_cov_162.487179	1	116	337	116	100	307.414	34.9	22.6
NODE_741_length_116_cov_155.717949	1	116	18	116	100	13.2931	35.2	25.9
NODE_742_length_116_cov_143.153846	1	116	128	116	100	115.422	35.1	18.5
NODE_743_length_116_cov_102.282051	1	116	71	116	100	61.3879	34.7	9.31
NODE_744_length_116_cov_25.717949	1	116	22	116	100	20.1552	35.1	31.9
NODE_745_length_115_cov_84.631579	1	115	99	115	100	91.5304	34.8	39.8
NODE_746_length_115_cov_37.789474	1	115	14	110	95.6522	5.8	35.9	13.3
NODE_747_length_114_cov_211.432432	1	114	25	114	100	19.3509	34.9	21.9
NODE_748_length_114_cov_136.081081	1	114	51	114	100	41.4561	34.9	16.6
NODE_749_length_114_cov_88.000000	1	114	21	114	100	19.3246	35.9	14.1
NODE_750_length_114_cov_87.594595	1	114	15	114	100	11.0965	33.6	40.2
NODE_751_length_113_cov_4193.277778	1	113	635	113	100	542.327	35.2	25.4
NODE_752_length_113_cov_321.805556	1	113	39	113	100	32.4425	34.5	31.5
NODE_753_length_113_cov_198.444444	1	113	380	113	100	355.469	34.7	27.9
NODE_754_length_113_cov_183.666667	1	113	127	113	100	115.062	35	31.9
NODE_755_length_113_cov_174.277778	1	113	788	113	100	754.345	35.3	29
NODE_756_length_113_cov_148.694444	1	113	141	113	100	123.699	34.8	20.2
NODE_757_length_113_cov_129.055556	1	113	19	113	100	13.1504	34.5	7.58
NODE_758_length_113_cov_59.916667	1	113	7	113	100	5.14159	33.8	16.1
NODE_759_length_113_cov_57.361111	1	113	220	113	100	185.062	35.1	20.6
NODE_760_length_113_cov_53.583333	1	113	87	113	100	71.8673	34.7	12.8
NODE_761_length_113_cov_47.722222	1	113	15	113	100	8.09735	35.4	7.4
NODE_762_length_113_cov_45.777778	1	113	115	113	100	102.628	35.4	17.3
NODE_763_length_113_cov_42.027778	1	113	2	110	97.3451	1.20354	29.1	5
NODE_765_length_113_cov_41.305556	1	113	70	113	100	60.2301	34.2	28.2
NODE_766_length_113_cov_39.361111	1	113	189	113	100	122.398	35	5.63
NODE_767_length_113_cov_29.861111	1	113	28	113	100	14.6814	34.1	2.68
NODE_768_length_112_cov_39.485714	1	112	9	95	84.8214	6.05357	36.1	17.6
NODE_769_length_111_cov_160.147059	1	111	159	111	100	141.964	35.2	25.1
NODE_770_length_111_cov_120.529412	1	111	16	111	100	13.036	34.7	41.2
NODE_771_length_111_cov_57.029412	1	111	6	98	88.2883	3.47748	36.3	22.3
NODE_772_length_111_cov_48.264706	1	111	27	111	100	17.3604	34.3	9.22
NODE_773_length_111_cov_36.235294	1	111	25	111	100	21.1892	34	28.7
NODE_774_length_111_cov_22.764706	1	111	668	111	100	620.631	35.4	16.7
NODE_775_length_110_cov_1130.333333	1	110	1088	110	100	982	35	20
NODE_776_length_110_cov_929.666667	1	110	878	110	100	841.736	35.3	34.5
NODE_777_length_110_cov_589.696970	1	110	162	110	100	146.718	34.3	21.1
NODE_778_length_110_cov_319.606061	1	110	348	110	100	305.145	34.8	22.8
NODE_779_length_110_cov_278.515152	1	110	141	110	100	131.509	34.9	23.4
NODE_780_length_110_cov_146.545455	1	110	41	110	100	36	34.6	29.1
NODE_781_length_110_cov_96.727273	1	110	70	110	100	62.5545	35	28.2
NODE_782_length_110_cov_77.909091	1	110	104	110	100	91.5909	35.4	22.5
NODE_783_length_110_cov_53.030303	1	110	107	110	100	99.0727	34.4	17
NODE_784_length_110_cov_38.939394	1	110	10	102	92.7273	6.05455	34.5	16.9
NODE_785_length_110_cov_21.484848	1	110	10	110	100	8.44545	33.6	25.3
NODE_786_length_110_cov_21.424242	1	110	43	110	100	31.9455	35.5	8.56
NODE_787_length_110_cov_20.393939	1	110	25	110	100	20.5636	34.3	13.2
NODE_788_length_109_cov_169.281250	1	109	95	109	100	73.9174	35.1	9.88
NODE_789_length_109_cov_84.625000	1	109	4	103	94.4954	2.76147	33.9	34
NODE_790_length_109_cov_39.906250	1	109	22	109	100	19.789	35	27
NODE_791_length_108_cov_367.161290	1	108	15	108	100	10.463	34.8	25.1
NODE_792_length_108_cov_262.290323	1	108	228	108	100	203.546	35.3	20.6
NODE_793_length_108_cov_124.709677	1	108	15	108	100	13.2593	34.6	31.7
NODE_794_length_108_cov_111.193548	1	108	64	108	100	55.3148	35.4	34.1
NODE_795_length_107_cov_630.833333	1	107	125	107	100	112.047	34.6	17.6
NODE_796_length_107_cov_527.400000	1	107	83	107	100	65.9346	34.8	14.4
NODE_797_length_107_cov_300.100000	1	107	134	107	100	121.084	35.3	25.2
NODE_798_length_107_cov_239.466667	1	107	11	107	100	7.11215	32.1	5.91
NODE_799_length_107_cov_230.566667	1	107	32	107	100	27.2617	34.7	16.2
NODE_800_length_107_cov_215.100000	1	107	60	107	100	55.8785	35.6	14.4
NODE_801_length_107_cov_166.966667	1	107	36	107	100	25.6916	33.8	11.4
NODE_802_length_107_cov_132.100000	1	107	154	107	100	135.327	35.2	17.5
NODE_803_length_107_cov_122.833333	1	107	6	100	93.4579	4.8785	33.2	37.7
NODE_804_length_107_cov_101.400000	1	107	2	40	37.3832	0.747664	36.5	0
NODE_805_length_107_cov_68.966667	1	107	104	107	100	98.757	35	19.7
NODE_806_length_107_cov_60.033333	1	107	29	107	100	21.1869	33.7	13.6
NODE_807_length_107_cov_59.500000	1	107	93	107	100	68.243	35	7.73
NODE_808_length_107_cov_28.300000	1	107	14	107	100	10.4486	34.2	8.14
NODE_809_length_107_cov_22.366667	1	107	11	107	100	8.05607	33.4	7
NODE_810_length_107_cov_20.166667	1	107	52	107	100	32.8037	35.2	14.5
NODE_811_length_106_cov_1869.965517	1	106	1378	106	100	1311.75	35.3	36.2
NODE_812_length_106_cov_263.793103	1	106	5	103	97.1698	4.16038	33.1	22
NODE_813_length_106_cov_217.103448	1	106	16	105	99.0566	11.1038	35.1	10.9
NODE_814_length_106_cov_54.000000	1	106	27	106	100	23.0377	35	17.3
NODE_815_length_105_cov_866.178571	1	105	633	105	100	600.267	34.9	15.6
NODE_816_length_105_cov_126.071429	1	105	13	105	100	8.25714	33.2	9.08
NODE_817_length_105_cov_47.321429	1	105	41	105	100	29.9048	34.4	13.3
NODE_818_length_104_cov_594.259259	1	104	298	104	100	207.029	35.1	9.79
NODE_819_length_104_cov_578.518519	1	104	183	104	100	112.635	35.5	6.08
NODE_820_length_104_cov_353.925926	1	104	218	104	100	207.644	35	28.4
NODE_821_length_104_cov_330.592593	1	104	226	104	100	218.385	35.2	16.9
NODE_822_length_104_cov_303.888889	1	104	49	104	100	37.5096	35.3	7.1
NODE_823_length_104_cov_272.000000	1	104	42	104	100	37.9712	35.5	19.9
NODE_824_length_104_cov_201.333333	1	104	10	102	98.0769	6.78846	35.4	28.5
NODE_825_length_104_cov_130.037037	1	104	70	104	100	44.7019	33.8	2.21
NODE_826_length_104_cov_125.407407	1	104	17	104	100	10.5	33.6	4.59
NODE_827_length_104_cov_93.962963	1	104	39	104	100	35.1635	34.2	20.3
NODE_828_length_104_cov_90.222222	1	104	39	104	100	30.3558	35	7.13
NODE_829_length_104_cov_68.444444	1	104	4	102	98.0769	3.03846	36.5	10.5
NODE_830_length_103_cov_1341.230769	1	103	308	103	100	278.214	34.7	25.2
NODE_831_length_103_cov_621.346154	1	103	53	103	100	44.7767	34.9	25.4
NODE_832_length_103_cov_500.538462	1	103	41	103	100	36.8835	35.7	43.2
NODE_833_length_103_cov_452.423077	1	103	46	103	100	39.1456	34.7	28.2
NODE_834_length_103_cov_235.269231	1	103	241	103	100	228.65	34.8	20.9
NODE_835_length_103_cov_181.000000	1	103	32	103	100	27.7767	33.8	17
NODE_836_length_103_cov_148.692308	1	103	108	103	100	102.66	35	23.5
NODE_837_length_103_cov_108.423077	1	103	15	81	78.6408	8.73786	34.7	8.87
NODE_838_length_103_cov_83.615385	1	103	54	103	100	44.3592	35.1	16
NODE_839_length_103_cov_79.230769	1	103	28	103	100	22.9223	35.2	6.04
NODE_840_length_103_cov_78.384615	1	103	24	103	100	19.8738	33.8	17.9
NODE_841_length_102_cov_707.320000	1	102	382	102	100	368.804	34.8	16.8
NODE_842_length_102_cov_519.720000	1	102	78	102	100	69.5196	35.9	39.3
NODE_843_length_102_cov_438.720000	1	102	32	102	100	28.3235	35	29.9
NODE_844_length_102_cov_360.800000	1	102	26	102	100	21.6765	35.1	15.4
NODE_845_length_102_cov_289.880000	1	102	26	102	100	22.2451	34.1	17.3
NODE_846_length_102_cov_222.200000	1	102	30	102	100	23.1961	35	19.9
NODE_847_length_102_cov_174.680000	1	102	3	91	89.2157	2.29412	36.9	32.3
NODE_848_length_102_cov_101.680000	1	102	23	102	100	20.1569	34.8	31.5
NODE_849_length_102_cov_73.760000	1	102	11	102	100	7.95098	33.7	2
NODE_850_length_102_cov_67.760000	1	102	25	102	100	20.1569	34.9	15.9
NODE_851_length_102_cov_60.320000	1	102	11	102	100	9.12745	36.4	28.4
NODE_852_length_102_cov_44.920000	1	102	8	102	100	7.31373	35.7	6.62
NODE_853_length_102_cov_39.720000	1	102	17	102	100	14.3431	34.4	4.65
NODE_854_length_102_cov_36.000000	1	102	19	102	100	12.3235	35	5.74
NODE_855_length_102_cov_32.680000	1	102	4	100	98.0392	2.16667	33.5	0
NODE_856_length_102_cov_28.720000	1	102	24	102	100	20.4706	33.9	12.5
NODE_857_length_101_cov_1601.916667	1	101	164	101	100	146.634	34.9	18.2
NODE_858_length_101_cov_1349.041667	1	101	174	101	100	141.426	35.2	15.1
NODE_859_length_101_cov_888.666667	1	101	270	101	100	242.743	35.1	26.5
NODE_860_length_101_cov_808.958333	1	101	58	101	100	43.3762	34.7	26.9
NODE_861_length_101_cov_734.541667	1	101	46	101	100	36.1089	34.6	17.5
NODE_862_length_101_cov_558.083333	1	101	154	101	100	135.287	34.9	10.6
NODE_863_length_101_cov_524.958333	1	101	73	101	100	54.0495	34.7	5.79
NODE_864_length_101_cov_523.500000	1	101	85	101	100	68.0297	34.9	6.85
NODE_865_length_101_cov_438.833333	1	101	188	101	100	174.386	35.7	18.9
NODE_866_length_101_cov_404.166667	1	101	121	101	100	86.4455	34.9	9.08
NODE_867_length_101_cov_285.291667	1	101	41	101	100	36.0594	35.4	21
NODE_868_length_101_cov_256.916667	1	101	175	101	100	137.446	35	14.9
NODE_869_length_101_cov_217.541667	1	101	138	101	100	134.297	35.5	6.02
NODE_870_length_101_cov_150.166667	1	101	36	101	100	32.8416	35	21.2
NODE_871_length_101_cov_98.208333	1	101	61	101	100	34.9406	35.7	11.8
NODE_872_length_101_cov_82.791667	1	101	40	101	100	37.9604	34.1	10.5
NODE_873_length_101_cov_81.583333	1	101	12	101	100	11.1287	32.5	23.1
NODE_874_length_101_cov_41.041667	1	101	2	77	76.2376	1.52475	36.7	40
NODE_875_length_101_cov_40.916667	1	101	35	96	95.0495	21.1683	34.7	2.34
NODE_876_length_101_cov_39.916667	1	101	5	89	88.1188	3.32673	34.5	3.4
NODE_877_length_101_cov_29.583333	1	101	10	101	100	6.44554	31.6	3.4
NODE_878_length_101_cov_28.416667	1	101	49	101	100	33.297	34.5	8.65
NODE_879_length_100_cov_608.608696	1	100	114	100	100	94.41	33.8	15
NODE_880_length_100_cov_306.217391	1	100	136	100	100	123.33	34.4	14.4
NODE_881_length_100_cov_268.086957	1	100	76	100	100	73.24	34.7	27.5
NODE_882_length_100_cov_147.434783	1	100	19	100	100	15.91	35.2	34.9
NODE_883_length_100_cov_133.913043	1	100	34	100	100	31.49	34.3	6.79
NODE_884_length_100_cov_123.130435	1	100	15	100	100	10.98	33.2	17.5
NODE_885_length_99_cov_3299.863636	1	99	179	99	100	124.747	34.9	16.6
NODE_886_length_99_cov_1160.681818	1	99	107	99	100	82.5051	35.2	17.6
NODE_887_length_99_cov_537.136364	1	99	149	99	100	123.424	34.6	10.8
NODE_888_length_99_cov_198.227273	1	99	26	99	100	19.1919	36	11.4
NODE_889_length_99_cov_176.772727	1	99	21	99	100	15.7172	34.6	23.8
NODE_890_length_99_cov_116.545455	1	99	7	99	100	5.09091	35.2	14
NODE_891_length_99_cov_91.727273	1	99	14	99	100	10.1919	34.7	15.5
NODE_892_length_99_cov_51.590909	1	99	5	86	86.8687	2.67677	34.6	1.6
NODE_893_length_98_cov_1776.428571	1	98	84	98	100	64.8673	35.4	16
NODE_894_length_98_cov_1307.476190	1	98	403	98	100	363.898	35	33.2
NODE_895_length_98_cov_953.857143	1	98	106	98	100	91.6327	35	28
NODE_896_length_98_cov_939.190476	1	98	123	98	100	96.3673	33.9	6.15
NODE_897_length_98_cov_486.761905	1	98	32	98	100	24.4796	34	17.3
NODE_898_length_98_cov_434.428571	1	98	51	98	100	41.9592	35.6	9.22
NODE_899_length_98_cov_291.666667	1	98	16	98	100	11.0816	34.2	10.4
NODE_900_length_98_cov_271.619048	1	98	83	98	100	67.4898	34.9	25.9
NODE_901_length_98_cov_265.190476	1	98	69	98	100	67.949	35.6	22.4
NODE_902_length_98_cov_264.000000	1	98	76	98	100	67.5714	34.4	8.17
NODE_903_length_98_cov_214.000000	1	98	15	98	100	12.3469	34.6	9.33
NODE_904_length_98_cov_203.904762	1	98	42	98	100	38.5918	34.9	25
NODE_905_length_98_cov_185.428571	1	98	11	98	100	8.94898	34.9	2.82
NODE_906_length_98_cov_131.047619	1	98	39	98	100	36.4184	35.7	17.9
NODE_907_length_98_cov_124.380952	1	98	78	98	100	73.9694	35.2	13.5
NODE_908_length_98_cov_120.857143	1	98	4	98	100	3.52041	35	4.5
NODE_909_length_98_cov_116.619048	1	98	37	98	100	24.449	35.1	20.6
NODE_910_length_98_cov_100.952381	1	98	26	98	100	19.7959	33.1	13.4
NODE_911_length_98_cov_100.809524	1	98	28	98	100	15.9898	34	4.54
NODE_912_length_98_cov_93.523810	1	98	27	98	100	23.5612	36	29.1
NODE_913_length_98_cov_88.619048	1	98	29	98	100	22.1939	35.1	8.34
NODE_914_length_98_cov_87.238095	1	98	7	98	100	6.28571	35.6	54
NODE_915_length_98_cov_65.476190	1	98	1	85	86.7347	0.867347	29.2	0
NODE_916_length_98_cov_64.809524	1	98	15	98	100	10.0408	34.4	3.87
NODE_917_length_98_cov_55.380952	1	98	15	98	100	10.4388	34.4	28.9
NODE_918_length_98_cov_50.047619	1	98	94	98	100	65.8367	35.2	10.5
NODE_919_length_98_cov_42.190476	1	98	18	77	78.5714	11.6735	34.9	0
NODE_920_length_98_cov_40.666667	1	98	12	98	100	9.12245	35.3	1.08
NODE_921_length_98_cov_33.523810	1	98	3	98	100	2.19388	33.7	0
NODE_922_length_98_cov_30.619048	1	98	13	98	100	8.77551	35.2	7.08
NODE_923_length_98_cov_25.666667	1	98	28	98	100	20.3265	34.1	3.14
NODE_924_length_97_cov_2898.400000	1	97	110	97	100	79.5155	35.4	19
NODE_925_length_97_cov_1218.500000	1	97	64	97	100	39.2784	34.9	6.14
NODE_926_length_97_cov_1000.500000	1	97	146	97	100	134.835	34.7	21.2
NODE_927_length_97_cov_370.800000	1	97	47	97	100	31.0309	34.6	12.6
NODE_928_length_97_cov_184.950000	1	97	44	97	100	42.8557	35.7	16.5
NODE_929_length_97_cov_180.750000	1	97	14	97	100	10	36.3	22.1
NODE_930_length_97_cov_159.550000	1	97	70	97	100	55.5052	33.7	10.6
NODE_931_length_97_cov_125.800000	1	97	26	97	100	24.2371	34.6	19.9
NODE_932_length_97_cov_109.150000	1	97	37	97	100	32.5052	35.2	9.76
NODE_934_length_97_cov_43.650000	1	97	1	65	67.0103	0.670103	36.6	0
NODE_935_length_97_cov_37.950000	1	97	23	97	100	16.3402	34.6	6.96
NODE_937_length_97_cov_35.850000	1	97	17	97	100	13.5361	34.8	22.9
NODE_938_length_97_cov_26.800000	1	97	2	83	85.567	1.71134	35.9	46
NODE_939_length_97_cov_23.700000	1	97	2	83	85.567	1.19588	32.5	5
NODE_940_length_97_cov_23.000000	1	97	29	78	80.4124	14.4021	34.2	0.0345
NODE_942_length_96_cov_123.157895	1	96	11	96	100	10.6146	33.1	25.4
NODE_943_length_96_cov_96.947368	1	96	28	96	100	20.3333	34.5	17.2
NODE_944_length_96_cov_38.842105	1	96	3	57	59.375	1.55208	33.1	0
NODE_945_length_96_cov_35.631579	1	96	21	96	100	16.0104	34	14.6
NODE_946_length_95_cov_3196.722222	1	95	771	95	100	740.926	35.6	15.7
NODE_947_length_95_cov_2717.555556	1	95	432	95	100	397.684	35.3	14.3
NODE_948_length_95_cov_1453.500000	1	95	93	95	100	77.6842	34.2	18.2
NODE_949_length_95_cov_1304.388889	1	95	579	95	100	561.379	35.5	21.3
NODE_950_length_95_cov_1019.500000	1	95	50	95	100	36.8947	35	9.94
NODE_951_length_95_cov_911.444444	1	95	130	95	100	95.6526	34.7	5.66
NODE_952_length_95_cov_760.055556	1	95	65	95	100	48.7053	34.1	9.23
NODE_953_length_95_cov_749.222222	1	95	83	95	100	69.2632	34.6	17.5
NODE_954_length_95_cov_711.888889	1	95	126	95	100	112.263	35.4	13.8
NODE_955_length_95_cov_533.777778	1	95	42	95	100	34.6105	34.6	17
NODE_956_length_95_cov_425.111111	1	95	373	95	100	362.674	35.8	15.1
NODE_957_length_95_cov_416.555556	1	95	27	95	100	20.9474	35.3	15.4
NODE_958_length_95_cov_397.277778	1	95	59	95	100	53.0211	34.2	10.4
NODE_959_length_95_cov_378.222222	1	95	54	95	100	51.9684	35.2	20.4
NODE_960_length_95_cov_357.500000	1	95	31	95	100	21.4	33.9	11.5
NODE_961_length_95_cov_337.833333	1	95	7	95	100	5.82105	34	3.43
NODE_962_length_95_cov_295.277778	1	95	105	95	100	94.8211	35	8.45
NODE_963_length_95_cov_225.500000	1	95	32	95	100	28.0737	34.1	31.7
NODE_964_length_95_cov_222.666667	1	95	28	95	100	20.7158	34.8	12
NODE_965_length_95_cov_199.166667	1	95	53	95	100	48.4	35.9	14
NODE_966_length_95_cov_151.611111	1	95	13	95	100	6.77895	35.7	2.62
NODE_967_length_95_cov_140.333333	1	95	18	95	100	14.7684	35.1	25.1
NODE_968_length_95_cov_122.833333	1	95	5	87	91.5789	3.71579	35.6	2.6
NODE_969_length_95_cov_106.388889	1	95	28	95	100	18.6421	35.3	2.14
NODE_970_length_95_cov_99.333333	1	95	29	95	100	25.8211	34.1	8
NODE_971_length_95_cov_94.166667	1	95	13	95	100	8.06316	33.8	17.3
NODE_972_length_95_cov_92.555556	1	95	7	95	100	4.72632	35	14.7
NODE_973_length_95_cov_73.833333	1	95	27	95	100	22.4526	34.8	14.2
NODE_974_length_95_cov_69.722222	1	95	4	91	95.7895	3.23158	35.2	28.2
NODE_975_length_95_cov_57.388889	1	95	39	95	100	27.6421	34	5.9
NODE_976_length_95_cov_56.166667	1	95	21	95	100	13.7895	34.7	3.14
NODE_977_length_95_cov_41.888889	1	95	18	95	100	11.2316	34.7	3.94
NODE_978_length_94_cov_1933.705882	1	94	84	94	100	71.7872	35.4	28
NODE_979_length_94_cov_423.058824	1	94	72	94	100	57.7128	34.8	17.5
NODE_980_length_94_cov_262.470588	1	94	11	81	86.1702	6.57447	34.5	0.364
NODE_981_length_94_cov_250.470588	1	94	11	94	100	9.08511	33.8	26.9
NODE_982_length_94_cov_185.235294	1	94	7	92	97.8723	4.67021	33.2	3.71
NODE_983_length_94_cov_154.058824	1	94	2	94	100	2	36.1	46.5
NODE_984_length_94_cov_146.705882	1	94	31	94	100	27.5	35	17.3
NODE_985_length_94_cov_133.529412	1	94	6	70	74.4681	3.89362	35.3	2.33
NODE_986_length_94_cov_107.058824	1	94	14	94	100	7.44681	32.4	2.29
NODE_987_length_94_cov_75.294118	1	94	27	94	100	24.7021	34.1	10.8
NODE_988_length_94_cov_64.823529	1	94	21	94	100	20.2021	36	15.5
NODE_989_length_93_cov_3138.875000	1	93	404	93	100	362.785	35.4	13.3
NODE_990_length_93_cov_638.750000	1	93	46	93	100	42.5591	34.3	25.6
NODE_991_length_93_cov_303.187500	1	93	12	93	100	10.4731	34.5	26.3
NODE_992_length_93_cov_74.375000	1	93	6	93	100	4.96774	32.1	5.83
NODE_993_length_92_cov_3305.400000	1	92	227	92	100	195.174	35.3	11
NODE_994_length_92_cov_2134.400000	1	92	177	92	100	159.37	34.8	20.2
NODE_995_length_92_cov_2025.266667	1	92	104	92	100	87.837	34.4	4.51
NODE_996_length_92_cov_1631.266667	1	92	28	92	100	22.5109	32.8	18.8
NODE_997_length_92_cov_1554.333333	1	92	169	92	100	119.457	35.4	1.37
NODE_998_length_92_cov_1211.200000	1	92	56	92	100	46.1413	33.5	21.9
NODE_999_length_92_cov_780.933333	1	92	65	92	100	43.6957	34.9	17.6
NODE_1000_length_92_cov_763.200000	1	92	248	92	100	240.772	35.3	9.37
NODE_1001_length_92_cov_647.400000	1	92	60	92	100	50.5109	34.4	10.2
NODE_1002_length_92_cov_632.933333	1	92	52	92	100	33.4565	33.3	5.13
NODE_1003_length_92_cov_597.066667	1	92	127	92	100	110.391	35.1	2.46
NODE_1004_length_92_cov_575.733333	1	92	38	92	100	31.7391	33.3	17.4
NODE_1005_length_92_cov_529.000000	1	92	235	92	100	220.13	35.6	9.71
NODE_1006_length_92_cov_519.600000	1	92	39	92	100	32.1413	34.5	12.9
NODE_1007_length_92_cov_495.400000	1	92	23	92	100	16.8478	35.7	4.04
NODE_1008_length_92_cov_479.400000	1	92	83	92	100	75.0978	35	6.06
NODE_1009_length_92_cov_478.800000	1	92	15	86	93.4783	10.8478	34.8	7.6
NODE_1010_length_92_cov_464.266667	1	92	43	92	100	36.087	34.5	13.3
NODE_1011_length_92_cov_438.333333	1	92	42	92	100	26.913	35.5	9.4
NODE_1012_length_92_cov_376.133333	1	92	46	92	100	43.8152	34.6	12.5
NODE_1013_length_92_cov_326.266667	1	92	14	92	100	11.587	35	17
NODE_1014_length_92_cov_318.066667	1	92	22	91	98.913	14.7609	34.7	18.2
NODE_1015_length_92_cov_308.266667	1	92	3	91	98.913	2.83696	29.4	35
NODE_1016_length_92_cov_298.133333	1	92	43	92	100	32.6739	33	6.19
NODE_1017_length_92_cov_294.400000	1	92	70	92	100	60.1848	34.9	8.83
NODE_1018_length_92_cov_290.466667	1	92	69	92	100	65.2826	34.6	10.9
NODE_1019_length_92_cov_228.133333	1	92	40	92	100	30.8261	34.4	12.8
NODE_1020_length_92_cov_217.200000	1	92	9	92	100	6.1087	36.2	2.11
NODE_1021_length_92_cov_164.800000	1	92	21	92	100	19.7391	34.1	19.4
NODE_1022_length_92_cov_132.266667	1	92	2	60	65.2174	1.30435	36.7	0
NODE_1023_length_92_cov_124.266667	1	92	5	92	100	3.08696	33.9	4.6
NODE_1024_length_92_cov_119.266667	1	92	14	87	94.5652	9.07609	33.7	0.286
NODE_1025_length_92_cov_102.333333	1	92	6	69	75	2.6413	31.4	0
NODE_1026_length_92_cov_96.866667	1	92	6	91	98.913	3.6087	36.6	7
NODE_1027_length_92_cov_96.866667	1	92	5	91	98.913	3.36957	30.1	7
NODE_1028_length_92_cov_92.266667	1	92	21	92	100	18.7174	34.8	14.4
NODE_1029_length_92_cov_91.866667	1	92	11	92	100	8.06522	34.5	2.36
NODE_1030_length_92_cov_80.800000	1	92	4	92	100	3.80435	35.6	21.5
NODE_1031_length_92_cov_66.133333	1	92	4	69	75	2.58696	31.5	0
NODE_1032_length_92_cov_54.200000	1	92	9	92	100	6.92391	33.3	10.4
NODE_1033_length_92_cov_41.866667	1	92	3	87	94.5652	2.72826	36.6	8.67
NODE_1034_length_92_cov_36.266667	1	92	22	92	100	15.3043	33.8	5.27
NODE_1035_length_92_cov_35.600000	1	92	10	92	100	6.93478	35.9	3.5
NODE_1036_length_92_cov_34.733333	1	92	9	92	100	6.77174	34.2	24.8
NODE_1037_length_92_cov_32.533333	1	92	12	87	94.5652	9.42391	35.4	10.6
NODE_1038_length_91_cov_328.071429	1	91	52	91	100	50.022	35.3	16
NODE_1039_length_91_cov_259.785714	1	91	13	91	100	9.24176	32.3	2.92
NODE_1040_length_91_cov_256.714286	1	91	46	91	100	44.9011	34.5	11.7
NODE_1041_length_91_cov_248.071429	1	91	49	91	100	45.0659	34.3	10.2
NODE_1042_length_91_cov_138.785714	1	91	7	91	100	6.6044	35.8	17
NODE_1043_length_91_cov_134.642857	1	91	17	91	100	15.6044	36	24.2
NODE_1044_length_91_cov_125.428571	1	91	3	63	69.2308	1.82418	36.9	0
NODE_1045_length_91_cov_92.857143	1	91	11	91	100	10.1758	31.9	8.82
NODE_1046_length_90_cov_4459.153846	1	90	119	90	100	99.9889	34.3	7.67
NODE_1047_length_90_cov_1451.153846	1	90	80	90	100	66.2778	35	21.7
NODE_1048_length_90_cov_403.000000	1	90	10	90	100	8.25556	34.8	12.6
NODE_1049_length_90_cov_386.384615	1	90	107	90	100	98.5222	34	14.3
NODE_1050_length_90_cov_314.692308	1	90	22	90	100	19.4	34.8	11.2
NODE_1051_length_90_cov_311.153846	1	90	5	70	77.7778	3.35556	35.1	6.4
NODE_1052_length_90_cov_298.384615	1	90	8	89	98.8889	6.65556	32.9	3.5
NODE_1053_length_90_cov_295.000000	1	90	13	89	98.8889	10.2333	33.6	8.92
NODE_1054_length_90_cov_247.461538	1	90	17	90	100	15.5333	33.3	18.7
NODE_1055_length_90_cov_211.461538	1	90	15	90	100	11.9	35.4	10.6
NODE_1056_length_90_cov_149.615385	1	90	8	90	100	4.92222	35.5	1.25
NODE_1057_length_90_cov_120.307692	1	90	5	83	92.2222	3.3	34.4	0
NODE_1058_length_90_cov_91.615385	1	90	4	79	87.7778	2.48889	36.7	0
NODE_1059_length_90_cov_76.230769	1	90	5	90	100	4.31111	34.3	22
NODE_1060_length_89_cov_4449.833333	1	89	221	89	100	188.899	34.5	18.6
NODE_1061_length_89_cov_2749.333333	1	89	105	89	100	87.5843	34.8	7.43
NODE_1062_length_89_cov_2518.333333	1	89	103	89	100	87.427	34.4	15.3
NODE_1063_length_89_cov_1759.333333	1	89	128	89	100	110.551	34.7	15.4
NODE_1064_length_89_cov_1372.666667	1	89	60	89	100	49.6517	34.7	12.1
NODE_1065_length_89_cov_1243.833333	1	89	132	89	100	109.775	34.8	14.1
NODE_1066_length_89_cov_1194.083333	1	89	266	89	100	243.101	35.2	11.8
NODE_1067_length_89_cov_1120.416667	1	89	26	89	100	18.236	34.7	8.08
NODE_1068_length_89_cov_1088.166667	1	89	130	89	100	119.27	35	13.9
NODE_1069_length_89_cov_939.833333	1	89	42	89	100	35.2697	34.8	5.62
NODE_1070_length_89_cov_827.166667	1	89	108	89	100	97.1685	35.2	4.8
NODE_1071_length_89_cov_720.750000	1	89	76	89	100	60.2584	34.5	11.8
NODE_1072_length_89_cov_645.250000	1	89	60	89	100	50.0787	34.3	10.5
NODE_1073_length_89_cov_602.666667	1	89	29	89	100	24.9438	34.8	15.4
NODE_1074_length_89_cov_510.500000	1	89	24	89	100	17.4719	32.6	7.29
NODE_1075_length_89_cov_445.250000	1	89	45	89	100	31.8202	35.1	18.6
NODE_1076_length_89_cov_410.833333	1	89	13	89	100	10.3708	33.4	24.1
NODE_1077_length_89_cov_400.750000	1	89	13	89	100	12.7528	35	15.5
NODE_1078_length_89_cov_360.500000	1	89	12	89	100	8.68539	34.3	12.9
NODE_1079_length_89_cov_334.000000	1	89	33	89	100	30.3371	35.1	3.39
NODE_1080_length_89_cov_330.416667	1	89	20	89	100	15.809	34.9	5.2
NODE_1081_length_89_cov_324.083333	1	89	58	89	100	53.2921	35.6	9.47
NODE_1082_length_89_cov_289.916667	1	89	18	89	100	13.3708	34.1	1.06
NODE_1083_length_89_cov_289.166667	1	89	12	89	100	7.89888	35.8	0
NODE_1084_length_89_cov_288.500000	1	89	28	89	100	22.2584	34.9	0.571
NODE_1085_length_89_cov_271.250000	1	89	38	89	100	31.427	34.2	4.11
NODE_1086_length_89_cov_245.166667	1	89	29	89	100	21.809	35.6	12.4
NODE_1087_length_89_cov_235.666667	1	89	56	89	100	47.764	34.3	5.32
NODE_1088_length_89_cov_233.500000	1	89	15	89	100	9.01124	33.7	1.6
NODE_1089_length_89_cov_198.666667	1	89	66	89	100	44.9775	35.3	0.545
NODE_1090_length_89_cov_196.916667	1	89	2	86	96.6292	1.93258	35.3	49
NODE_1091_length_89_cov_193.333333	1	89	11	89	100	9.22472	33.3	25.2
NODE_1092_length_89_cov_187.916667	1	89	22	89	100	16.2809	34.2	18
NODE_1093_length_89_cov_163.166667	1	89	8	89	100	5.68539	32.2	5.62
NODE_1094_length_89_cov_140.916667	1	89	18	89	100	14.2921	35.1	12.7
NODE_1095_length_89_cov_136.416667	1	89	39	89	100	24.6742	34.4	0.846
NODE_1096_length_89_cov_130.750000	1	89	44	89	100	38.2697	35.8	6.34
NODE_1097_length_89_cov_130.583333	1	89	2	35	39.3258	0.786517	36.8	0
NODE_1098_length_89_cov_122.083333	1	89	8	89	100	6.82022	36.7	4.5
NODE_1099_length_89_cov_121.833333	1	89	11	84	94.382	5.75281	34.2	0
NODE_1100_length_89_cov_114.083333	1	89	13	89	100	11	31.8	12.7
NODE_1101_length_89_cov_113.166667	1	89	22	89	100	17.8876	35.9	7.5
NODE_1102_length_89_cov_107.000000	1	89	1	59	66.2921	0.662921	35.5	0
NODE_1103_length_89_cov_103.916667	1	89	14	89	100	9.73034	34.3	4.86
NODE_1104_length_89_cov_100.583333	1	89	10	89	100	6.38202	33.3	2.4
NODE_1105_length_89_cov_98.916667	1	89	31	89	100	25.6854	35.4	1.74
NODE_1106_length_89_cov_98.250000	1	89	7	89	100	3.8764	35.6	2.43
NODE_1107_length_89_cov_92.750000	1	89	6	89	100	4.24719	33.6	9.33
NODE_1108_length_89_cov_56.083333	1	89	2	70	78.6517	1.50562	28.6	0
NODE_1109_length_89_cov_55.083333	1	89	3	81	91.0112	2.07865	34.6	0
NODE_1110_length_89_cov_41.916667	1	89	8	75	84.2697	3.79775	34.1	0
NODE_1112_length_89_cov_38.750000	1	89	3	63	70.7865	1.69663	34.8	5
NODE_1113_length_89_cov_37.833333	1	89	5	61	68.5393	2.75281	33.1	0
NODE_1114_length_89_cov_29.666667	1	89	7	76	85.3933	4.44944	32.4	13.9
NODE_1115_length_89_cov_29.666667	1	89	16	89	100	12.1124	34.7	1.31
NODE_1116_length_88_cov_1677.545455	1	88	64	88	100	45.2841	35	10.1
NODE_1117_length_88_cov_897.909091	1	88	68	88	100	44.4432	34.1	16.9
NODE_1118_length_88_cov_583.090909	1	88	13	88	100	10.9659	34.4	7.85
NODE_1119_length_88_cov_328.000000	1	88	16	88	100	13.2614	31.9	7.62
NODE_1120_length_88_cov_322.000000	1	88	33	88	100	29.7841	35.3	4.79
NODE_1121_length_88_cov_267.181818	1	88	6	72	81.8182	3.29545	32.3	0
NODE_1122_length_88_cov_252.000000	1	88	15	88	100	12.3068	34.2	12.8
NODE_1123_length_88_cov_191.909091	1	88	9	86	97.7273	7.97727	35.3	14.7
NODE_1124_length_88_cov_148.818182	1	88	13	88	100	10.3182	34.1	0.615
NODE_1125_length_88_cov_110.090909	1	88	3	73	82.9545	2.38636	28.5	0
NODE_1126_length_88_cov_67.909091	1	88	7	88	100	6.17045	32.6	24
NODE_1127_length_88_cov_36.272727	1	88	2	79	89.7727	1.79545	33.9	45
NODE_1128_length_87_cov_1416.400000	1	87	21	87	100	15.3218	33.7	11.2
NODE_1129_length_87_cov_406.900000	1	87	14	87	100	12.2874	32.5	16.5
NODE_1130_length_87_cov_357.300000	1	87	30	87	100	21.6322	35.1	0.3
NODE_1131_length_87_cov_169.500000	1	87	11	87	100	8.65517	34.6	2
NODE_1132_length_87_cov_161.200000	1	87	2	78	89.6552	1.7931	36.9	9
NODE_1133_length_87_cov_134.700000	1	87	52	87	100	38.1609	34.5	13
NODE_1134_length_87_cov_111.100000	1	87	12	80	91.954	6.04598	36	9.08
NODE_1135_length_87_cov_103.400000	1	87	1	40	45.977	0.45977	24.3	0
NODE_1136_length_87_cov_50.600000	1	87	21	87	100	17.3333	34.4	0.905
NODE_1137_length_86_cov_8080.444444	1	86	155	86	100	136.163	34.7	11.7
NODE_1138_length_86_cov_3741.444444	1	86	106	86	100	84.1047	34.2	9.37
NODE_1139_length_86_cov_2118.888889	1	86	117	86	100	96.4419	35.2	6.44
NODE_1140_length_86_cov_1883.333333	1	86	70	86	100	50.6512	35.7	12.1
NODE_1141_length_86_cov_1846.222222	1	86	155	86	100	126.64	34.8	6.99
NODE_1142_length_86_cov_1714.222222	1	86	70	86	100	59.3837	35	13.7
NODE_1143_length_86_cov_1635.444444	1	86	107	86	100	86.9767	34.6	2.6
NODE_1144_length_86_cov_1141.888889	1	86	45	86	100	39.2558	34.4	12.7
NODE_1145_length_86_cov_1071.444444	1	86	214	86	100	144.942	34.7	4.15
NODE_1146_length_86_cov_1052.666667	1	86	136	86	100	109.605	35.1	4.3
NODE_1147_length_86_cov_952.333333	1	86	44	86	100	30.5465	34.6	1.55
NODE_1148_length_86_cov_702.333333	1	86	46	86	100	44.5116	34.7	6.87
NODE_1149_length_86_cov_691.111111	1	86	19	86	100	13.4419	34.4	8.95
NODE_1150_length_86_cov_677.222222	1	86	38	86	100	28.8256	36.1	5.84
NODE_1151_length_86_cov_670.333333	1	86	10	86	100	8.55814	36.6	15.8
NODE_1152_length_86_cov_655.666667	1	86	35	85	98.8372	23.0465	35.6	0
NODE_1153_length_86_cov_652.888889	1	86	57	86	100	42.1163	34.3	6.53
NODE_1154_length_86_cov_623.222222	1	86	94	86	100	65.314	35.6	2.89
NODE_1155_length_86_cov_573.222222	1	86	41	86	100	29.1977	35.3	2
NODE_1156_length_86_cov_519.888889	1	86	36	86	100	29.6163	35.2	4.75
NODE_1157_length_86_cov_468.666667	1	86	7	86	100	6.02326	33	8.29
NODE_1158_length_86_cov_442.222222	1	86	17	86	100	14.0116	34.9	7.12
NODE_1159_length_86_cov_425.222222	1	86	18	86	100	12.1744	35.5	0
NODE_1160_length_86_cov_398.777778	1	86	41	86	100	24.0465	34.9	15.2
NODE_1161_length_86_cov_380.000000	1	86	4	86	100	3.40698	34.5	20
NODE_1162_length_86_cov_365.666667	1	86	35	86	100	25.1977	33.6	10
NODE_1163_length_86_cov_357.555556	1	86	46	86	100	33.3372	35.1	10.2
NODE_1164_length_86_cov_336.333333	1	86	1	80	93.0233	0.930233	35.9	0
NODE_1165_length_86_cov_334.777778	1	86	37	86	100	27.0116	35.9	1.14
NODE_1166_length_86_cov_323.777778	1	86	2	86	100	2	32.2	18
NODE_1167_length_86_cov_319.000000	1	86	5	86	100	3.82558	32.4	0
NODE_1168_length_86_cov_296.666667	1	86	90	86	100	61.4651	34.7	3.86
NODE_1169_length_86_cov_277.333333	1	86	60	86	100	57.0233	33.8	4.8
NODE_1170_length_86_cov_242.222222	1	86	28	86	100	18.2209	34.8	11
NODE_1171_length_86_cov_200.333333	1	86	42	86	100	22.1512	35.1	24.1
NODE_1172_length_86_cov_186.555556	1	86	6	76	88.3721	3.7093	33.4	20
NODE_1173_length_86_cov_181.222222	1	86	4	86	100	3.43023	32.9	7
NODE_1174_length_86_cov_179.000000	1	86	6	86	100	5.39535	36.2	16.7
NODE_1175_length_86_cov_176.000000	1	86	9	72	83.7209	6.72093	33.2	0
NODE_1176_length_86_cov_151.666667	1	86	5	86	100	3.02326	33.5	0
NODE_1178_length_86_cov_141.888889	1	86	8	86	100	6.33721	36.7	4.75
NODE_1179_length_86_cov_129.111111	1	86	7	86	100	4.16279	32.5	1.43
NODE_1180_length_86_cov_127.000000	1	86	46	86	100	34.7558	35.5	0.348
NODE_1181_length_86_cov_107.888889	1	86	14	86	100	10.8837	34	4.43
NODE_1182_length_86_cov_106.333333	1	86	14	82	95.3488	7.7907	34	3.43
NODE_1183_length_86_cov_99.555556	1	86	2	81	94.186	1.88372	36.1	9
NODE_1184_length_86_cov_99.444444	1	86	24	86	100	14.3605	34.5	0
NODE_1185_length_86_cov_98.222222	1	86	4	66	76.7442	2.98837	36.5	23.8
NODE_1186_length_86_cov_84.444444	1	86	21	75	87.2093	10.5698	35.8	0
NODE_1187_length_86_cov_74.888889	1	86	17	86	100	11.593	35.3	0.118
NODE_1188_length_86_cov_56.888889	1	86	4	77	89.5349	2.2907	35.9	0
NODE_1189_length_86_cov_47.555556	1	86	3	86	100	2.55814	33.2	20
NODE_1190_length_86_cov_31.666667	1	86	4	86	100	3.43023	32.9	23.2
NODE_1191_length_86_cov_21.000000	1	86	8	84	97.6744	4.81395	34.1	1.38
NODE_1192_length_85_cov_1251.500000	1	85	20	85	100	16.6	32.8	4.6
NODE_1193_length_85_cov_600.875000	1	85	17	85	100	13.9529	35.2	18.9
NODE_1194_length_85_cov_578.250000	1	85	21	79	92.9412	16.0353	35.3	10
NODE_1195_length_85_cov_477.250000	1	85	9	85	100	6.28235	36.2	4.44
NODE_1196_length_85_cov_364.875000	1	85	35	85	100	26.7176	34.5	8.74
NODE_1197_length_85_cov_337.500000	1	85	10	85	100	7.61176	34.5	6.3
NODE_1198_length_85_cov_296.125000	1	85	24	85	100	18.3765	33	8.17
NODE_1199_length_85_cov_292.125000	1	85	89	85	100	62.6	34.7	19.2
NODE_1200_length_85_cov_179.750000	1	85	28	85	100	22.4824	34.2	1.43
NODE_1201_length_85_cov_90.625000	1	85	3	63	74.1176	1.95294	36.4	39.7
NODE_1202_length_85_cov_57.625000	1	85	6	70	82.3529	3.12941	35.8	9.5
NODE_1203_length_84_cov_6374.285714	1	84	142	84	100	107.429	34.3	7.44
NODE_1204_length_84_cov_1879.142857	1	84	36	84	100	23	34.5	0
NODE_1205_length_84_cov_1792.571429	1	84	96	84	100	63.6786	35.1	6.1
NODE_1206_length_84_cov_1372.714286	1	84	23	84	100	15.5357	34.3	0.217
NODE_1207_length_84_cov_407.000000	1	84	31	84	100	24.0952	34.5	0.935
NODE_1208_length_84_cov_335.714286	1	84	49	84	100	41.5119	34.8	1.31
NODE_1209_length_84_cov_282.285714	1	84	11	84	100	10.0595	34.2	26.4
NODE_1210_length_84_cov_241.142857	1	84	11	84	100	9.33333	35.2	22.7
NODE_1211_length_84_cov_200.857143	1	84	6	68	80.9524	3.85714	36.1	0
NODE_1212_length_84_cov_174.857143	1	84	12	73	86.9048	7.02381	35.7	0
NODE_1213_length_84_cov_171.571429	1	84	4	84	100	2.88095	36.6	14
NODE_1214_length_84_cov_166.000000	1	84	2	72	85.7143	1.22619	36.9	0
NODE_1216_length_84_cov_22.000000	1	84	5	84	100	4.02381	31.4	5
NODE_1217_length_83_cov_7736.833333	1	83	183	83	100	134.795	33.9	10.5
NODE_1218_length_83_cov_5499.833333	1	83	62	83	100	44.0241	34.5	2.35
NODE_1219_length_83_cov_2964.833333	1	83	186	83	100	154.313	35	3.58
NODE_1220_length_83_cov_2585.166667	1	83	60	83	100	50.0482	35.4	6.1
NODE_1221_length_83_cov_2332.500000	1	83	30	83	100	22.3494	34.6	1.13
NODE_1222_length_83_cov_2326.333333	1	83	116	83	100	98.241	34.9	4.03
NODE_1223_length_83_cov_1446.000000	1	83	141	83	100	128.277	34.9	7.6
NODE_1224_length_83_cov_1405.333333	1	83	35	83	100	30.012	34.9	6.69
NODE_1225_length_83_cov_1261.166667	1	83	130	83	100	114.361	34.9	8.93
NODE_1226_length_83_cov_1197.000000	1	83	56	83	100	48.6145	34.6	4.2
NODE_1227_length_83_cov_1129.166667	1	83	88	83	100	78.4819	35.4	4.44
NODE_1228_length_83_cov_1013.333333	1	83	5	79	95.1807	3.50602	35.4	0
NODE_1229_length_83_cov_990.333333	1	83	7	83	100	5.20482	35.4	7.29
NODE_1230_length_83_cov_984.666667	1	83	24	83	100	16.5663	33.8	0.25
NODE_1231_length_83_cov_968.166667	1	83	53	83	100	34.4337	35.1	3.66
NODE_1232_length_83_cov_692.166667	1	83	14	83	100	11.8675	35.8	0.857
NODE_1233_length_83_cov_691.333333	1	83	54	83	100	37.5301	35	2.91
NODE_1234_length_83_cov_659.000000	1	83	40	83	100	37	35.3	12.4
NODE_1235_length_83_cov_601.666667	1	83	15	81	97.5904	10.2289	32.2	1.33
NODE_1236_length_83_cov_502.666667	1	83	22	83	100	15.5181	34.3	8.32
NODE_1237_length_83_cov_489.833333	1	83	21	82	98.7952	13.5542	35	11.5
NODE_1238_length_83_cov_486.666667	1	83	71	83	100	55.7229	34.5	0.282
NODE_1239_length_83_cov_467.500000	1	83	11	83	100	10.0602	35	1.64
NODE_1240_length_83_cov_446.333333	1	83	37	83	100	33.6265	34.3	6.78
NODE_1241_length_83_cov_399.166667	1	83	51	83	100	43.5663	34.7	9.55
NODE_1242_length_83_cov_385.666667	1	83	8	83	100	6.09639	36.1	8.25
NODE_1243_length_83_cov_382.000000	1	83	23	83	100	18.5904	35	5.74
NODE_1244_length_83_cov_349.833333	1	83	5	83	100	3.98795	36.7	16
NODE_1245_length_83_cov_340.166667	1	83	11	83	100	10.5181	35.4	16
NODE_1246_length_83_cov_331.000000	1	83	29	83	100	21.3012	35.4	2.38
NODE_1247_length_83_cov_329.833333	1	83	21	83	100	18.4096	33.8	1.14
NODE_1248_length_83_cov_278.166667	1	83	6	82	98.7952	4.93976	36.2	21.2
NODE_1249_length_83_cov_265.833333	1	83	11	59	71.0843	5.61446	35.8	0
NODE_1250_length_83_cov_206.000000	1	83	22	83	100	17.3373	35.4	3.55
NODE_1251_length_83_cov_192.833333	1	83	15	76	91.5663	10.4578	35.9	6.27
NODE_1252_length_83_cov_191.333333	1	83	17	81	97.5904	12.5783	35.4	5.65
NODE_1253_length_83_cov_189.166667	1	83	28	83	100	18.5181	34.4	0
NODE_1254_length_83_cov_184.833333	1	83	12	83	100	8.61446	33.6	10
NODE_1255_length_83_cov_175.000000	1	83	8	76	91.5663	4.6988	32.7	0
NODE_1256_length_83_cov_155.666667	1	83	22	83	100	16.2771	35.3	2.23
NODE_1257_length_83_cov_147.333333	1	83	80	76	91.5663	60.4337	34.9	9.29
NODE_1258_length_83_cov_141.333333	1	83	4	74	89.1566	3.16867	36.9	0
NODE_1259_length_83_cov_130.500000	1	83	7	63	75.9036	3.18072	35	0
NODE_1260_length_83_cov_120.666667	1	83	1	34	40.9639	0.409639	37	0
NODE_1261_length_83_cov_114.333333	1	83	16	78	93.9759	9.61446	33.1	0
NODE_1262_length_83_cov_107.166667	1	83	25	83	100	16.5663	34.5	1.92
NODE_1263_length_83_cov_104.500000	1	83	6	79	95.1807	3.91566	36.5	2
NODE_1264_length_83_cov_93.833333	1	83	20	83	100	13.5904	31.8	0
NODE_1265_length_83_cov_70.333333	1	83	2	73	87.9518	1.75904	35.6	0
NODE_1266_length_83_cov_68.166667	1	83	5	82	98.7952	2.21687	33.8	0
NODE_1267_length_83_cov_59.333333	1	83	9	83	100	7.72289	34.5	2.56
NODE_1268_length_83_cov_58.833333	1	83	19	83	100	14.9277	35.2	4.32
NODE_1269_length_83_cov_55.833333	1	83	5	83	100	2.75904	35.3	0
NODE_1271_length_83_cov_49.833333	1	83	3	63	75.9036	2.21687	32.9	0
NODE_1272_length_83_cov_49.500000	1	83	2	58	69.8795	1.39759	37	0
NODE_1276_length_83_cov_37.833333	1	83	2	81	97.5904	1.95181	36.7	24
NODE_1277_length_83_cov_36.500000	1	83	1	61	73.494	0.73494	30.1	0
NODE_1278_length_83_cov_32.000000	1	83	1	56	67.4699	0.674699	27.2	45
NODE_1279_length_82_cov_404.000000	1	82	2	66	80.4878	1.60976	34.6	0
NODE_1280_length_82_cov_313.000000	1	82	8	82	100	7.39024	35.1	20.2
NODE_1281_length_82_cov_313.000000	1	82	21	82	100	13	34.2	0
NODE_1282_length_82_cov_235.200000	1	82	5	82	100	3.53659	33.8	0
NODE_1283_length_82_cov_205.400000	1	82	2	77	93.9024	1.63415	36.6	0
NODE_1284_length_82_cov_148.000000	1	82	8	82	100	6.13415	34.9	0.25
NODE_1285_length_82_cov_123.000000	1	82	6	67	81.7073	4.53659	34.5	0
NODE_1286_length_82_cov_117.000000	1	82	5	79	96.3415	4.18293	32.2	0
NODE_1287_length_82_cov_114.000000	1	82	6	82	100	4.46341	33.3	1.5
NODE_1289_length_82_cov_70.200000	1	82	5	82	100	3.7561	34.3	20.2
NODE_1290_length_81_cov_2172.500000	1	81	43	81	100	29.2099	34.9	3.65
NODE_1291_length_81_cov_2058.500000	1	81	21	81	100	18.0988	33.4	6.29
NODE_1292_length_81_cov_695.000000	1	81	32	81	100	24.5185	35	4.5
NODE_1293_length_81_cov_441.000000	1	81	17	81	100	12.8148	32.6	3.41
NODE_1294_length_81_cov_402.250000	1	81	13	81	100	10.4938	35.8	0.0769
NODE_1295_length_81_cov_215.500000	1	81	8	81	100	7.1358	36.1	5.5
NODE_1296_length_81_cov_206.000000	1	81	6	72	88.8889	3.65432	35.9	0
NODE_1297_length_80_cov_7500.666667	1	80	43	80	100	29.6375	34.1	2.77
NODE_1298_length_80_cov_6458.666667	1	80	123	80	100	95.9875	34.2	4.17
NODE_1299_length_80_cov_3377.333333	1	80	215	80	100	186.875	35.1	1.44
NODE_1300_length_80_cov_2024.333333	1	80	23	80	100	17.65	35.3	2.52
NODE_1301_length_80_cov_2023.333333	1	80	61	80	100	51.35	34.3	0.508
NODE_1302_length_80_cov_1809.000000	1	80	28	80	100	17.75	33.9	0
NODE_1303_length_80_cov_1752.333333	1	80	47	79	98.75	39.575	34.7	3.32
NODE_1304_length_80_cov_1453.666667	1	80	11	79	98.75	8.3125	33.4	0
NODE_1305_length_80_cov_1259.666667	1	80	12	80	100	8.825	34.4	0
NODE_1306_length_80_cov_1146.333333	1	80	53	80	100	39.0375	35.4	0.83
NODE_1307_length_80_cov_1082.000000	1	80	8	80	100	5.5875	34	6
NODE_1308_length_80_cov_1049.666667	1	80	71	80	100	52.7875	35.5	3.8
NODE_1309_length_80_cov_1035.333333	1	80	14	80	100	9.575	33.8	0.0714
NODE_1310_length_80_cov_1022.333333	1	80	68	80	100	46.875	35.3	15.1
NODE_1311_length_80_cov_994.333333	1	80	14	80	100	10.5875	35.3	0
NODE_1312_length_80_cov_987.000000	1	80	1	80	100	1	29.6	0
NODE_1313_length_80_cov_719.000000	1	80	6	79	98.75	3.95	36.8	4.67
NODE_1314_length_80_cov_596.666667	1	80	4	79	98.75	3.6875	36.2	10.5
NODE_1316_length_80_cov_468.333333	1	80	5	66	82.5	3.4625	35.3	0
NODE_1317_length_80_cov_467.666667	1	80	9	80	100	6.9625	36.2	0
NODE_1318_length_80_cov_445.666667	1	80	10	80	100	8.4625	34.8	2.6
NODE_1319_length_80_cov_443.000000	1	80	2	36	45	0.9	34	0
NODE_1320_length_80_cov_430.000000	1	80	3	67	83.75	2.0625	34.6	0
NODE_1321_length_80_cov_421.333333	1	80	17	78	97.5	9.0875	34.9	0
NODE_1322_length_80_cov_406.333333	1	80	15	67	83.75	12.05	35.2	9.2
NODE_1323_length_80_cov_389.000000	1	80	2	66	82.5	1.65	36.4	0
NODE_1324_length_80_cov_381.000000	1	80	13	75	93.75	8.8375	35.1	0
NODE_1325_length_80_cov_366.333333	1	80	35	80	100	28.8375	35.3	1.89
NODE_1326_length_80_cov_360.000000	1	80	3	74	92.5	1.525	29.1	0
NODE_1327_length_80_cov_346.666667	1	80	7	78	97.5	5.2375	34.1	0.143
NODE_1328_length_80_cov_345.000000	1	80	4	80	100	3.225	35.2	17.5
NODE_1330_length_80_cov_312.666667	1	80	16	80	100	12.4375	33.9	2.94
NODE_1331_length_80_cov_291.333333	1	80	8	77	96.25	4.3	36.2	0
NODE_1332_length_80_cov_275.333333	1	80	5	80	100	3.45	34.2	0
NODE_1333_length_80_cov_275.000000	1	80	9	79	98.75	6.2625	32.8	0
NODE_1334_length_80_cov_236.333333	1	80	2	75	93.75	1.35	33.7	0
NODE_1335_length_80_cov_227.666667	1	80	18	80	100	14.0375	34.9	2.72
NODE_1336_length_80_cov_200.666667	1	80	8	80	100	6.175	32.9	10
NODE_1337_length_80_cov_187.000000	1	80	4	70	87.5	3.15	35	0
NODE_1338_length_80_cov_185.333333	1	80	2	55	68.75	1.375	30.6	0
NODE_1339_length_80_cov_179.666667	1	80	18	79	98.75	12.225	35.8	0.556
NODE_1341_length_80_cov_172.333333	1	80	34	80	100	22.8125	34.8	8.68
NODE_1342_length_80_cov_169.666667	1	80	8	78	97.5	6.075	34.9	0
NODE_1343_length_80_cov_169.000000	1	80	6	72	90	4.0875	35.5	0
NODE_1345_length_80_cov_167.000000	1	80	56	80	100	41.3125	35.2	0.214
NODE_1346_length_80_cov_144.333333	1	80	2	75	93.75	1.8125	31.8	0
NODE_1347_length_80_cov_134.666667	1	80	3	52	65	1.4875	36.5	0
NODE_1348_length_80_cov_134.000000	1	80	4	72	90	2.375	28	0
NODE_1349_length_80_cov_122.666667	1	80	17	76	95	14.4125	35.3	0
NODE_1351_length_80_cov_108.000000	1	80	1	48	60	0.6	36.8	0
NODE_1352_length_80_cov_107.000000	1	80	15	80	100	12.6125	35.6	0
NODE_1354_length_80_cov_93.333333	1	80	2	66	82.5	1.375	37	0
NODE_1355_length_80_cov_80.000000	1	80	3	71	88.75	2.625	33.1	0
NODE_1357_length_80_cov_78.666667	1	80	19	74	92.5	14.9375	35	0
NODE_1358_length_80_cov_74.000000	1	80	3	74	92.5	2.55	35.3	0
NODE_1359_length_80_cov_73.000000	1	80	11	80	100	8.575	34.4	0
NODE_1360_length_80_cov_71.000000	1	80	35	80	100	30.0125	34.2	0
NODE_1361_length_80_cov_62.000000	1	80	1	57	71.25	0.7125	31.2	0
NODE_1364_length_80_cov_40.666667	1	80	3	75	93.75	2.3	34.2	0
NODE_1367_length_80_cov_32.000000	1	80	13	77	96.25	7.45	34.9	0
NODE_1369_length_80_cov_26.000000	1	80	23	73	91.25	13.75	35.7	28.4
NODE_1370_length_80_cov_18.666667	1	80	6	74	92.5	4.2625	33.1	0
NODE_1371_length_80_cov_18.333333	1	80	10	80	100	6.875	35.9	0
NODE_1373_length_79_cov_6428.500000	1	79	128	79	100	76.0886	34.9	13
NODE_1374_length_79_cov_2968.000000	1	79	47	79	100	36.9241	33.8	10.3
NODE_1375_length_79_cov_2882.500000	1	79	25	79	100	19.1392	36	2.4
NODE_1376_length_79_cov_1437.000000	1	79	17	79	100	9.07595	34	1.24
NODE_1377_length_79_cov_1265.000000	1	79	4	79	100	3.36709	34.1	0
NODE_1378_length_79_cov_1232.500000	1	79	11	79	100	8.25316	34.9	0
NODE_1379_length_79_cov_926.500000	1	79	17	79	100	13.7342	35.5	14.6
NODE_1380_length_79_cov_859.000000	1	79	148	79	100	96.9873	35.4	6.99
NODE_1381_length_79_cov_678.000000	1	79	24	60	75.9494	16.2405	35.5	9.08
NODE_1382_length_79_cov_414.000000	1	79	20	78	98.7342	17.1013	33.9	0
NODE_1383_length_79_cov_368.500000	1	79	3	73	92.4051	2.5443	35.2	0
NODE_1384_length_79_cov_346.000000	1	79	3	79	100	2.59494	32.6	0
NODE_1385_length_79_cov_295.000000	1	79	5	79	100	3.1519	34.1	0
NODE_1386_length_79_cov_291.000000	1	79	6	79	100	4.89873	34.8	0
NODE_1387_length_79_cov_273.000000	1	79	2	76	96.2025	1.91139	36.3	3.5
NODE_1388_length_79_cov_260.000000	1	79	14	79	100	10.443	35.4	0
NODE_1389_length_79_cov_256.000000	1	79	10	72	91.1392	8	34.6	4.4
NODE_1390_length_79_cov_245.500000	1	79	8	79	100	6.70886	35.2	2
NODE_1391_length_79_cov_218.000000	1	79	10	79	100	8.49367	34.8	0
NODE_1392_length_79_cov_175.000000	1	79	8	79	100	4.77215	33.7	0
NODE_1393_length_79_cov_172.000000	1	79	2	58	73.4177	1.46835	35.9	0
NODE_1394_length_79_cov_135.500000	1	79	4	75	94.9367	2.83544	33.6	0
NODE_1395_length_79_cov_119.000000	1	79	9	79	100	5.81013	32.4	3.89
NODE_1396_length_79_cov_117.500000	1	79	14	79	100	10.2785	35.1	0
NODE_1397_length_79_cov_110.500000	1	79	6	57	72.1519	3.56962	34.6	0
NODE_1398_length_79_cov_102.500000	1	79	1	78	98.7342	0.987342	34.8	0
NODE_1399_length_79_cov_99.500000	1	79	14	79	100	8.91139	34.9	0
NODE_1400_length_79_cov_98.000000	1	79	1	46	58.2278	0.582278	35.6	0
NODE_1402_length_79_cov_84.000000	1	79	2	57	72.1519	1.44304	36	0
NODE_1403_length_79_cov_79.000000	1	79	5	79	100	3.27848	34.7	0
NODE_1404_length_79_cov_63.000000	1	79	1	52	65.8228	0.658228	30.5	0
NODE_1405_length_79_cov_62.000000	1	79	4	69	87.3418	3	29.3	0
NODE_1406_length_79_cov_40.500000	1	79	5	79	100	2.82278	32.7	2.8
NODE_1407_length_79_cov_38.500000	1	79	13	79	100	10.8734	35.2	0
NODE_1408_length_79_cov_37.500000	1	79	3	79	100	2.51899	34.3	0
NODE_1409_length_78_cov_15709.000000	1	78	5	78	100	3.34615	31.3	0
NODE_1410_length_78_cov_4139.000000	1	78	24	78	100	17.0641	34	0.375
NODE_1411_length_78_cov_3025.000000	1	78	20	78	100	12.7308	33.9	1.65
NODE_1412_length_78_cov_1629.000000	1	78	20	78	100	12.3462	34.5	0
NODE_1413_length_78_cov_1352.000000	1	78	11	78	100	6.83333	34.8	0
NODE_1414_length_78_cov_1111.000000	1	78	1	35	44.8718	0.448718	33.5	58
NODE_1415_length_78_cov_1044.000000	1	78	8	78	100	7.51282	35.9	0
NODE_1416_length_78_cov_952.000000	1	78	306	78	100	216.269	27.3	23.6
NODE_1417_length_78_cov_718.000000	1	78	26	78	100	20.0385	33.6	0.885
NODE_1418_length_78_cov_332.000000	1	78	6	78	100	4.55128	35.2	0
NODE_1419_length_78_cov_313.000000	1	78	7	75	96.1538	4.98718	34.5	0
NODE_1420_length_78_cov_177.000000	1	78	5	54	69.2308	3.25641	36.3	0
NODE_1421_length_78_cov_167.000000	1	78	7	64	82.0513	5.30769	33.2	0
NODE_1422_length_78_cov_165.000000	1	78	4	73	93.5897	3.30769	34.2	0
NODE_173_length_282_cov_1.082927	1	282	0	0	0	0	0	0
NODE_239_length_260_cov_1.038251	1	260	0	0	0	0	0	0
NODE_306_length_249_cov_1.279070	1	249	0	0	0	0	0	0
NODE_315_length_247_cov_1.111765	1	247	0	0	0	0	0	0
NODE_331_length_244_cov_1.143713	1	244	0	0	0	0	0	0
NODE_388_length_237_cov_1.118750	1	237	0	0	0	0	0	0
NODE_425_length_233_cov_1.166667	1	233	0	0	0	0	0	0
NODE_426_length_233_cov_1.057692	1	233	0	0	0	0	0	0
NODE_452_length_230_cov_1.130719	1	230	0	0	0	0	0	0
NODE_764_length_113_cov_41.888889	1	113	0	0	0	0	0	0
NODE_933_length_97_cov_50.350000	1	97	0	0	0	0	0	0
NODE_936_length_97_cov_37.700000	1	97	0	0	0	0	0	0
NODE_941_length_96_cov_257.947368	1	96	0	0	0	0	0	0
NODE_1111_length_89_cov_39.250000	1	89	0	0	0	0	0	0
NODE_1177_length_86_cov_149.777778	1	86	0	0	0	0	0	0
NODE_1215_length_84_cov_40.000000	1	84	0	0	0	0	0	0
NODE_1270_length_83_cov_54.333333	1	83	0	0	0	0	0	0
NODE_1273_length_83_cov_49.333333	1	83	0	0	0	0	0	0
NODE_1274_length_83_cov_44.500000	1	83	0	0	0	0	0	0
NODE_1275_length_83_cov_43.333333	1	83	0	0	0	0	0	0
NODE_1288_length_82_cov_77.200000	1	82	0	0	0	0	0	0
NODE_1315_length_80_cov_578.333333	1	80	0	0	0	0	0	0
NODE_1329_length_80_cov_318.333333	1	80	0	0	0	0	0	0
NODE_1340_length_80_cov_179.000000	1	80	0	0	0	0	0	0
NODE_1344_length_80_cov_168.333333	1	80	0	0	0	0	0	0
NODE_1350_length_80_cov_120.666667	1	80	0	0	0	0	0	0
NODE_1353_length_80_cov_93.666667	1	80	0	0	0	0	0	0
NODE_1356_length_80_cov_79.000000	1	80	0	0	0	0	0	0
NODE_1362_length_80_cov_41.666667	1	80	0	0	0	0	0	0
NODE_1363_length_80_cov_41.000000	1	80	0	0	0	0	0	0
NODE_1365_length_80_cov_39.000000	1	80	0	0	0	0	0	0
NODE_1366_length_80_cov_35.666667	1	80	0	0	0	0	0	0
NODE_1368_length_80_cov_27.333333	1	80	0	0	0	0	0	0
NODE_1372_length_80_cov_7.666667	1	80	0	0	0	0	0	0
NODE_1401_length_79_cov_95.500000	1	79	0	0	0	0	0	0
