#rname	startpos	endpos	numreads	covbases	coverage	meandepth	meanbaseq	meanmapq
NODE_1_length_1135595_cov_48.047297	1	1135595	824598	1135595	100	103.802	35.2	60
NODE_2_length_848811_cov_48.580983	1	848811	623546	848811	100	104.979	35.2	60
NODE_3_length_740418_cov_49.713687	1	740418	555151	740418	100	107.291	35.2	60
NODE_4_length_681720_cov_50.188072	1	681720	516966	681720	100	108.388	35.2	60
NODE_5_length_557703_cov_50.968110	1	557703	433675	557630	99.9869	111.012	35.2	59.8
NODE_6_length_544070_cov_48.181695	1	544070	396554	544070	100	104.133	35.2	60
NODE_7_length_530747_cov_47.372574	1	530747	381199	530747	100	102.479	35.2	60
NODE_8_length_476297_cov_48.741279	1	476297	350689	476297	100	105.267	35.2	60
NODE_9_length_402432_cov_50.122499	1	402432	304744	402430	99.9995	108.271	35.2	60
NODE_10_length_368534_cov_47.766961	1	368534	265747	368534	100	103.115	35.2	60
NODE_11_length_362919_cov_50.895051	1	362919	279391	362919	100	110.012	35.2	60
NODE_12_length_353186_cov_49.931571	1	353186	266734	353186	100	107.935	35.2	60
NODE_13_length_337130_cov_49.910168	1	337130	254377	337130	100	107.826	35.2	60
NODE_14_length_294507_cov_50.012733	1	294507	222645	294507	100	108.07	35.2	59.9
NODE_15_length_287459_cov_48.994941	1	287459	212314	287454	99.9983	105.697	35.2	60
NODE_16_length_284143_cov_47.885104	1	284143	205229	284143	100	103.298	35.2	60
NODE_17_length_238291_cov_49.625946	1	238291	178948	238291	100	107.294	35.2	60
NODE_18_length_230432_cov_51.822895	1	230432	180063	230432	100	111.709	35.2	60
NODE_19_length_228207_cov_50.341976	1	228207	173936	228207	100	108.84	35.2	60
NODE_20_length_209845_cov_52.916594	1	209845	169097	209845	100	114.991	35.2	59.8
NODE_21_length_188953_cov_52.064434	1	188953	148917	188953	100	112.553	35.2	60
NODE_22_length_188868_cov_47.033142	1	188868	134684	188868	100	101.824	35.2	59.9
NODE_23_length_185042_cov_50.027475	1	185042	139797	185042	100	107.996	35.2	60
NODE_24_length_178648_cov_48.655902	1	178648	130874	178648	100	104.875	35.2	60
NODE_25_length_166960_cov_47.811305	1	166960	121318	166960	100	103.598	35.2	59.6
NODE_26_length_158077_cov_49.607259	1	158077	118643	158077	100	107.325	35.2	59.8
NODE_27_length_134160_cov_48.148856	1	134160	97573	134160	100	104.008	35.2	60
NODE_28_length_118777_cov_47.868854	1	118777	85679	118777	100	103.19	35.2	60
NODE_29_length_96039_cov_49.058106	1	96039	71335	96039	100	106.029	35.2	60
NODE_30_length_91049_cov_51.419426	1	91049	70624	91049	100	110.943	35.2	60
NODE_31_length_88140_cov_49.864302	1	88140	66288	88140	100	107.437	35.2	59.9
NODE_32_length_83093_cov_49.093235	1	83093	61709	83093	100	106.108	35.2	60
NODE_33_length_78615_cov_55.882426	1	78615	84654	78615	100	153.178	35.2	56.6
NODE_34_length_71029_cov_51.322401	1	71029	55337	71029	100	111.052	35.2	59.7
NODE_35_length_58970_cov_49.713260	1	58970	44080	58970	100	106.729	35.2	59.8
NODE_36_length_58614_cov_50.868135	1	58614	45062	58614	100	109.783	35.2	60
NODE_37_length_46411_cov_54.174515	1	46411	37874	46411	100	116.446	35.2	59.7
NODE_38_length_34234_cov_53.188775	1	34234	27244	34234	100	114.151	35.2	59.9
NODE_39_length_30133_cov_57.752262	1	30133	26606	30133	100	125.131	35.2	59.7
NODE_40_length_26805_cov_646.080889	1	26805	276016	26805	100	1436.38	35.3	59.9
NODE_41_length_24556_cov_46.265044	1	24556	17287	24556	100	100.057	35.2	59.4
NODE_42_length_19276_cov_56.376061	1	19276	18704	19276	100	137.2	35.2	57.1
NODE_43_length_19258_cov_56.591940	1	19258	16370	19258	100	120.549	35.3	59.6
NODE_44_length_15737_cov_86.537420	1	15737	13801	15737	100	125.152	35.2	59.6
NODE_45_length_11376_cov_69.706169	1	11376	13401	11376	100	162.618	35.1	57.4
NODE_46_length_9834_cov_79.371938	1	9834	18474	9834	100	258.327	35.3	52.8
NODE_47_length_8369_cov_39.869875	1	8369	12387	8369	100	208.842	34.9	45
NODE_48_length_7946_cov_56.670479	1	7946	6751	7946	100	121.376	35.2	59.6
NODE_49_length_6327_cov_46.909440	1	6327	4443	6327	100	100.093	35.2	59.7
NODE_50_length_5629_cov_57.533682	1	5629	5075	5629	100	126.888	35.2	58.2
NODE_51_length_4289_cov_70.729820	1	4289	5709	4289	100	181.41	35.2	50.4
NODE_52_length_3802_cov_63.114362	1	3802	3600	3802	100	134.307	35.3	59.7
NODE_53_length_3799_cov_998.995164	1	3799	57169	3799	100	2134.02	35.2	59.8
NODE_54_length_3284_cov_143.010290	1	3284	7433	3284	100	315.914	35.1	41.9
NODE_55_length_2250_cov_931.543948	1	2250	31409	2250	100	1973.76	35.1	59.7
NODE_56_length_1834_cov_57.914058	1	1834	1557	1834	100	120.112	35.1	59.8
NODE_57_length_1754_cov_861.311866	1	1754	22471	1754	100	1802.6	35.1	59.7
NODE_58_length_1404_cov_865.736247	1	1404	17757	1404	100	1781.19	35.2	59.6
NODE_59_length_1332_cov_55.405578	1	1332	1088	1332	100	114.356	35.2	57.8
NODE_60_length_1245_cov_953.547089	1	1245	17138	1245	100	1944.12	35.2	59.5
NODE_61_length_1223_cov_84.094241	1	1223	1622	1223	100	183.409	35.2	57.5
NODE_62_length_1209_cov_87.631625	1	1209	7485	1209	100	850.317	35.1	44.7
NODE_63_length_1086_cov_56.184341	1	1086	912	1086	100	116.714	34.9	56
NODE_64_length_1051_cov_97.901437	1	1051	1468	1051	100	196.647	35.3	59.4
NODE_65_length_1028_cov_274.522608	1	1028	1946	1028	100	251.402	35.3	48
NODE_66_length_994_cov_61.653217	1	994	1212	994	100	174.727	35.4	53
NODE_67_length_926_cov_72.566549	1	926	1128	926	100	173.835	35.3	55.3
NODE_68_length_924_cov_1.386068	1	924	16	924	100	2.6039	35.3	60
NODE_69_length_917_cov_1.735714	1	917	20	917	100	3.2868	35.4	60
NODE_70_length_878_cov_1.364544	1	878	19	878	100	3.11048	34.7	60
NODE_71_length_876_cov_1.713392	1	876	22	876	100	3.70091	34.6	60
NODE_72_length_870_cov_56.991173	1	870	685	870	100	110.107	35.2	58.7
NODE_73_length_824_cov_67.832664	1	824	839	824	100	142.373	35.2	56.1
NODE_74_length_771_cov_1.704611	1	771	21	771	100	3.71077	34.6	60
NODE_75_length_751_cov_113.724036	1	751	1178	751	100	220.816	35.2	59.1
NODE_76_length_702_cov_1.776000	1	702	16	702	100	3.38177	34.8	60
NODE_77_length_688_cov_115.427169	1	688	2512	688	100	502.369	34.9	46.2
NODE_78_length_687_cov_87.708197	1	687	870	687	100	177.153	35.4	57.4
NODE_79_length_621_cov_1.055147	1	621	14	621	100	2.46538	35.1	57.1
NODE_80_length_620_cov_933.957643	1	620	7851	620	100	1770.48	35.1	59.3
NODE_81_length_599_cov_2.164751	1	599	17	599	100	4.22871	34.6	60
NODE_82_length_585_cov_1.669291	1	585	12	585	100	3.08718	35.6	60
NODE_83_length_582_cov_2.443564	1	582	18	582	100	4.50172	35.4	60
NODE_84_length_552_cov_1269.913684	1	552	11684	552	100	2792.9	35	52.1
NODE_85_length_548_cov_1.237792	1	548	8	548	100	2.18978	36.1	60
NODE_86_length_546_cov_882.695096	1	546	6494	546	100	1656.17	35.1	59
NODE_87_length_543_cov_1.890558	1	543	16	543	100	3.96317	35.5	60
NODE_88_length_527_cov_97.386667	1	527	812	527	100	213.943	35.2	55.4
NODE_89_length_527_cov_1.675556	1	527	11	527	100	3.03795	36.1	60
NODE_90_length_523_cov_685.363229	1	523	5130	523	100	1376.33	35.3	55.5
NODE_91_length_522_cov_79.038202	1	522	673	522	100	174.508	34.9	47.9
NODE_92_length_512_cov_1.494253	1	512	10	512	100	2.94922	33.6	60
NODE_93_length_508_cov_2.000000	1	508	14	508	100	3.83071	34.5	60
NODE_94_length_503_cov_1.570423	1	503	10	503	100	2.99801	34.6	60
NODE_95_length_499_cov_2.078199	1	499	12	499	100	3.63126	34.8	60
NODE_96_length_495_cov_1.779904	1	495	14	495	100	3.58384	34.8	58.6
NODE_97_length_491_cov_89.618357	1	491	655	491	100	188.768	35.2	46.8
NODE_98_length_486_cov_1.882641	1	486	11	486	100	3.4177	34.6	60
NODE_99_length_485_cov_99.240196	1	485	615	485	100	176.635	35	58.9
NODE_100_length_475_cov_119.241206	1	475	722	475	100	212.12	35.5	59.4
NODE_101_length_473_cov_75.267677	1	473	1466	473	100	397.78	35.2	37.3
NODE_102_length_456_cov_1.171504	1	456	6	456	100	1.98684	36	60
NODE_103_length_454_cov_583.294430	1	454	3904	454	100	1143.68	35.4	54.3
NODE_104_length_454_cov_0.981432	1	454	5	454	100	1.663	36.6	60
NODE_105_length_450_cov_1.769437	1	450	10	450	100	3.28444	35.6	60
NODE_106_length_449_cov_146.094086	1	449	1032	449	100	314.795	35	40.1
NODE_107_length_449_cov_101.510753	1	449	577	449	100	179.134	35.3	58.9
NODE_108_length_445_cov_1.608696	1	445	8	445	100	2.71461	33.7	60
NODE_109_length_440_cov_169.820937	1	440	1095	440	100	319.825	34.8	41.7
NODE_110_length_437_cov_161.900000	1	437	978	437	100	299.101	35.1	56.6
NODE_111_length_429_cov_0.840909	1	429	4	429	100	1.40793	36.3	60
NODE_112_length_429_cov_0.798295	1	429	8	429	100	2.52214	35	60
NODE_113_length_422_cov_1.515942	1	422	8	422	100	2.86256	34.7	60
NODE_114_length_416_cov_0.887906	1	416	6	416	100	2.03606	33.3	60
NODE_115_length_408_cov_756.854985	1	408	4079	408	100	1387.53	35	53.6
NODE_116_length_406_cov_1.227964	1	406	6	406	100	2.133	35.5	60
NODE_117_length_402_cov_105.381538	1	402	591	402	100	203.828	35.3	54.7
NODE_118_length_398_cov_1.021807	1	398	5	398	100	1.89698	34.7	60
NODE_119_length_396_cov_1.855799	1	396	8	396	100	3.05051	36	60
NODE_120_length_395_cov_1.084906	1	395	6	395	100	2.17468	34.6	60
NODE_121_length_393_cov_3.183544	1	393	85	393	100	14.4784	35.5	40.2
NODE_122_length_389_cov_82.250000	1	389	389	389	100	138.846	35.1	59.4
NODE_123_length_389_cov_0.426282	1	389	58	389	100	14.2622	35.1	49.9
NODE_124_length_388_cov_2.745981	1	388	12	388	100	4.58247	36.2	60
NODE_125_length_383_cov_768.513072	1	383	4059	383	100	1483.66	35.3	56.2
NODE_126_length_383_cov_103.683007	1	383	755	383	100	260.757	35	43.8
NODE_127_length_376_cov_815.133779	1	376	3788	376	100	1380.14	34.8	58.4
NODE_128_length_364_cov_2.508711	1	364	14	364	100	4.51099	36.3	60
NODE_129_length_364_cov_1.658537	1	364	8	364	100	3.07692	35.6	60
NODE_130_length_361_cov_3.211268	1	361	50	361	100	10.6011	34	55.2
NODE_131_length_359_cov_159.460993	1	359	4026	359	100	1521.86	35	42.5
NODE_132_length_358_cov_1.053381	1	358	4	358	100	1.68715	35.4	60
NODE_133_length_357_cov_97.082143	1	357	403	357	100	157.532	34.9	59.1
NODE_134_length_356_cov_941.792115	1	356	4162	356	100	1610.44	34.8	58.9
NODE_135_length_345_cov_91.958955	1	345	391	345	100	153.829	35.4	58.8
NODE_136_length_343_cov_1278.977444	1	343	5125	343	100	2084.61	35.1	58.3
NODE_137_length_341_cov_181.125000	1	341	921	341	100	360.545	35.1	52.1
NODE_138_length_339_cov_1.896947	1	339	7	339	100	3.11799	34.1	60
NODE_139_length_338_cov_1.318008	1	338	10	338	100	2.97633	35.5	57.2
NODE_140_length_333_cov_120.828125	1	333	495	333	100	198.162	35.5	56.8
NODE_141_length_330_cov_2.023715	1	330	8	330	100	3.41818	35.2	60
NODE_142_length_329_cov_1.761905	1	329	6	329	100	2.7538	35.8	60
NODE_143_length_327_cov_2.664000	1	327	9	327	100	4.15596	35.6	60
NODE_144_length_326_cov_1904.489960	1	326	7684	326	100	3189.12	35.2	31.9
NODE_145_length_322_cov_194.934694	1	322	716	322	100	310.925	35.3	58.3
NODE_146_length_318_cov_1.228216	1	318	4	318	100	1.89937	36.4	60
NODE_147_length_318_cov_1.219917	1	318	4	318	100	1.89308	35.9	60
NODE_148_length_312_cov_1.880851	1	312	6	312	100	2.90385	34.8	60
NODE_149_length_309_cov_1.163793	1	309	5	309	100	2.11974	36.6	60
NODE_150_length_307_cov_91.104348	1	307	337	307	100	150.658	35.1	53.3
NODE_151_length_305_cov_2.921053	1	305	9	305	100	4.45574	35.5	60
NODE_152_length_305_cov_2.035088	1	305	7	305	100	3.28852	36.5	60
NODE_153_length_304_cov_1.920705	1	304	6	304	100	2.95395	35.9	60
NODE_154_length_303_cov_303.469027	1	303	1475	303	100	624.538	34.9	44.6
NODE_155_length_299_cov_108.364865	1	299	375	299	100	171.823	35.6	58.5
NODE_156_length_299_cov_1.531532	1	299	5	299	100	2.52508	35.3	60
NODE_157_length_297_cov_2.218182	1	297	8	297	100	3.71717	36.8	60
NODE_158_length_294_cov_1.364055	1	294	4	294	100	2.05442	36.7	60
NODE_159_length_293_cov_98.583333	1	293	325	293	100	152.331	35.3	58.4
NODE_160_length_292_cov_1.376744	1	292	4	292	100	2.06849	36.5	60
NODE_161_length_291_cov_2.752336	1	291	9	291	100	4.40893	35.2	60
NODE_162_length_289_cov_1.716981	1	289	5	289	100	2.61246	34.9	60
NODE_163_length_289_cov_1.396226	1	289	4	289	100	2.08997	36	60
NODE_164_length_288_cov_1.402844	1	288	4	288	100	2.09722	34.8	60
NODE_165_length_288_cov_1.289100	1	288	4	288	100	2.09722	33.6	60
NODE_166_length_284_cov_1.304348	1	284	4	284	100	2.12676	34.1	60
NODE_167_length_283_cov_429.296117	1	283	1615	283	100	780.36	35.1	50.8
NODE_168_length_283_cov_1.436893	1	283	4	283	100	2.13428	36.6	60
NODE_169_length_283_cov_1.247573	1	283	10	283	100	3.13074	35	60
NODE_170_length_282_cov_384.117073	1	282	1587	282	100	763.972	35.2	47.7
NODE_171_length_281_cov_0.725490	1	281	2	281	100	1.07473	36.4	60
NODE_172_length_280_cov_2.187192	1	280	6	280	100	3.23571	34.5	60
NODE_173_length_279_cov_1.980198	1	279	6	279	100	3.21147	34.9	60
NODE_174_length_279_cov_1.034653	1	279	4	279	100	2.07527	35	60
NODE_175_length_278_cov_1.547264	1	278	7	278	100	2.85971	35.2	60
NODE_176_length_278_cov_0.736318	1	278	2	278	100	1.08633	35.6	60
NODE_177_length_278_cov_0.736318	1	278	2	278	100	1.08633	36.4	60
NODE_178_length_278_cov_0.736318	1	278	2	278	100	1.08633	36.7	60
NODE_179_length_277_cov_1.110000	1	277	3	277	100	1.63538	33.5	60
NODE_180_length_277_cov_0.740000	1	277	2	277	100	1.09025	36.6	60
NODE_181_length_275_cov_54.489899	1	275	164	275	100	79.1418	34.6	56.6
NODE_182_length_275_cov_2.777778	1	275	8	275	100	4.24	36.1	60
NODE_183_length_275_cov_1.494949	1	275	4	275	100	2.19636	35.2	60
NODE_184_length_274_cov_0.751269	1	274	2	274	100	1.10219	36.6	60
NODE_185_length_274_cov_0.736041	1	274	2	274	100	1.10219	34.2	60
NODE_186_length_273_cov_0.755102	1	273	2	273	100	1.10623	34	60
NODE_187_length_273_cov_0.755102	1	273	2	273	100	1.10623	36.5	60
NODE_188_length_273_cov_0.755102	1	273	2	273	100	1.10623	35.7	60
NODE_189_length_273_cov_0.755102	1	273	2	273	100	1.10623	36.4	60
NODE_190_length_273_cov_0.755102	1	273	2	273	100	1.10623	34.5	60
NODE_191_length_272_cov_0.758974	1	272	2	272	100	1.11029	36.2	60
NODE_192_length_272_cov_0.758974	1	272	2	272	100	1.11029	34	60
NODE_193_length_272_cov_0.758974	1	272	2	272	100	1.11029	34.8	60
NODE_194_length_272_cov_0.758974	1	272	2	272	100	1.11029	30.9	60
NODE_195_length_272_cov_0.758974	1	272	2	272	100	1.11029	36.3	60
NODE_196_length_271_cov_1.525773	1	271	4	271	100	2.22878	35.9	60
NODE_197_length_271_cov_0.762887	1	271	2	271	100	1.11439	33	60
NODE_198_length_271_cov_0.762887	1	271	2	271	100	1.11439	33.7	60
NODE_199_length_271_cov_0.762887	1	271	2	271	100	1.11439	36.6	60
NODE_200_length_271_cov_0.762887	1	271	2	271	100	1.11439	36.3	60
NODE_201_length_271_cov_0.762887	1	271	2	271	100	1.11439	35.7	60
NODE_202_length_271_cov_0.762887	1	271	2	271	100	1.11439	35.2	60
NODE_203_length_270_cov_0.766839	1	270	2	270	100	1.11852	35.5	60
NODE_204_length_270_cov_0.766839	1	270	6	270	100	1.59259	35.4	60
NODE_205_length_268_cov_1.549738	1	268	4	268	100	2.25373	36.2	60
NODE_206_length_266_cov_44.137566	1	266	213	266	100	108.929	35.6	38.7
NODE_207_length_266_cov_0.783069	1	266	2	266	100	1.13534	33.8	60
NODE_208_length_265_cov_0.787234	1	265	2	265	100	1.13962	35.6	60
NODE_209_length_264_cov_0.893048	1	264	3	264	100	1.68939	32.2	60
NODE_210_length_264_cov_0.791444	1	264	2	264	100	1.14394	36.2	60
NODE_211_length_264_cov_0.791444	1	264	2	264	100	1.14394	36.5	60
NODE_212_length_264_cov_0.791444	1	264	2	264	100	1.14394	35.7	60
NODE_213_length_263_cov_2.569892	1	263	8	263	100	4.1597	35.3	60
NODE_214_length_263_cov_0.795699	1	263	2	263	100	1.14829	33.8	60
NODE_215_length_263_cov_0.795699	1	263	2	263	100	1.14829	35.6	60
NODE_216_length_263_cov_0.795699	1	263	2	263	100	1.14829	36.6	60
NODE_217_length_263_cov_0.795699	1	263	2	263	100	1.14829	34.4	60
NODE_218_length_262_cov_1.102703	1	262	4	262	100	2.30534	34.2	60
NODE_219_length_262_cov_0.902703	1	262	4	262	100	1.8855	33	60
NODE_220_length_262_cov_0.800000	1	262	8	262	100	1.65649	36	58.5
NODE_221_length_262_cov_0.800000	1	262	2	262	100	1.15267	29.9	60
NODE_222_length_262_cov_0.740541	1	262	2	262	100	1.15267	33.3	60
NODE_223_length_261_cov_2.413043	1	261	6	261	100	3.47126	35.5	60
NODE_224_length_260_cov_0.808743	1	260	2	260	100	1.16154	35.9	60
NODE_225_length_260_cov_0.808743	1	260	2	260	100	1.16154	35.7	60
NODE_226_length_260_cov_0.808743	1	260	2	260	100	1.16154	36.5	60
NODE_227_length_260_cov_0.808743	1	260	2	260	100	1.16154	36.6	60
NODE_228_length_260_cov_0.710383	1	260	2	260	100	1.16154	32.6	60
NODE_229_length_259_cov_359.269231	1	259	998	259	100	522.201	35	50.1
NODE_230_length_259_cov_245.802198	1	259	809	259	100	418.413	35.2	50.3
NODE_231_length_259_cov_178.620879	1	259	497	259	100	258.475	35.7	57.4
NODE_232_length_259_cov_0.813187	1	259	2	259	100	1.16602	34.5	60
NODE_233_length_258_cov_0.817680	1	258	2	258	100	1.17054	36.4	60
NODE_234_length_258_cov_0.790055	1	258	2	258	100	1.17054	31.4	60
NODE_235_length_257_cov_1.061111	1	257	3	257	100	1.76265	35.4	60
NODE_236_length_257_cov_0.822222	1	257	2	257	100	1.1751	36.6	60
NODE_237_length_257_cov_0.822222	1	257	2	257	100	1.1751	35.7	60
NODE_238_length_257_cov_0.822222	1	257	2	257	100	1.1751	33.4	60
NODE_239_length_256_cov_1.653631	1	256	4	256	100	2.35938	36.4	60
NODE_240_length_256_cov_1.620112	1	256	4	256	100	2.33594	36.5	60
NODE_241_length_256_cov_0.826816	1	256	2	256	100	1.17969	36.4	60
NODE_242_length_255_cov_0.960674	1	255	4	255	100	1.79216	35.9	60
NODE_243_length_255_cov_0.831461	1	255	2	255	100	1.18431	35.5	60
NODE_244_length_255_cov_0.831461	1	255	2	255	100	1.18431	35.4	60
NODE_245_length_255_cov_0.831461	1	255	2	255	100	1.18431	36.4	60
NODE_246_length_255_cov_0.831461	1	255	2	255	100	1.18431	36.8	60
NODE_247_length_255_cov_0.831461	1	255	2	255	100	1.18431	36.4	60
NODE_248_length_255_cov_0.730337	1	255	2	255	100	1.18431	34.5	60
NODE_249_length_254_cov_0.836158	1	254	2	254	100	1.18898	34.6	60
NODE_250_length_253_cov_378.840909	1	253	1234	253	100	534.739	35.2	48.4
NODE_251_length_253_cov_0.840909	1	253	4	253	100	2.38735	30.7	60
NODE_252_length_253_cov_0.840909	1	253	2	253	100	1.19368	35.8	60
NODE_253_length_253_cov_0.840909	1	253	2	253	100	1.19368	36.5	60
NODE_254_length_253_cov_0.755682	1	253	2	253	100	1.19368	34.4	60
NODE_255_length_252_cov_4.788571	1	252	12	252	100	6.99206	34.2	60
NODE_256_length_252_cov_1.588571	1	252	4	252	100	2.3254	36.7	60
NODE_257_length_252_cov_0.845714	1	252	2	252	100	1.19841	36.5	60
NODE_258_length_252_cov_0.845714	1	252	2	252	100	1.19841	36.6	60
NODE_259_length_252_cov_0.845714	1	252	2	252	100	1.19841	34.6	60
NODE_260_length_252_cov_0.714286	1	252	2	252	100	1.19841	31.3	60
NODE_261_length_251_cov_2.252874	1	251	6	251	100	3.40239	36	60
NODE_262_length_251_cov_1.701149	1	251	4	251	100	2.40637	35.4	60
NODE_263_length_251_cov_0.850575	1	251	2	251	100	1.20319	34.4	60
NODE_264_length_251_cov_0.850575	1	251	2	251	100	1.20319	36.4	60
NODE_265_length_251_cov_0.850575	1	251	2	251	100	1.20319	34	60
NODE_266_length_251_cov_0.850575	1	251	2	251	100	1.20319	36.4	60
NODE_267_length_250_cov_1.658960	1	250	20	250	100	4.192	35.7	37.4
NODE_268_length_250_cov_0.988439	1	250	10	250	100	3.792	34.7	42.8
NODE_269_length_250_cov_0.855491	1	250	2	250	100	1.208	36.8	60
NODE_270_length_250_cov_0.855491	1	250	2	250	100	1.208	36	60
NODE_271_length_250_cov_0.855491	1	250	2	250	100	1.208	36.4	60
NODE_272_length_250_cov_0.855491	1	250	2	250	100	1.208	36.2	60
NODE_273_length_250_cov_0.815029	1	250	2	250	100	1.208	32	60
NODE_274_length_250_cov_0.647399	1	250	4	250	100	1.464	36.1	60
NODE_275_length_249_cov_1.500000	1	249	4	249	100	2.27309	35.9	60
NODE_276_length_249_cov_1.290698	1	249	4	249	100	2.38554	33.4	60
NODE_277_length_249_cov_0.860465	1	249	2	249	100	1.21285	36.3	60
NODE_278_length_249_cov_0.860465	1	249	2	249	100	1.21285	34.6	60
NODE_279_length_249_cov_0.860465	1	249	2	249	100	1.21285	33.8	60
NODE_280_length_249_cov_0.744186	1	249	2	249	100	1.21285	34.9	60
NODE_281_length_246_cov_1.201183	1	246	20	246	100	6.85772	34.6	60
NODE_282_length_246_cov_0.875740	1	246	2	246	100	1.22764	33.8	60
NODE_283_length_246_cov_0.875740	1	246	2	246	100	1.22764	36.1	60
NODE_284_length_246_cov_0.875740	1	246	2	246	100	1.22764	36.5	60
NODE_285_length_246_cov_0.875740	1	246	2	246	100	1.22764	35.9	60
NODE_286_length_246_cov_0.343195	1	246	12	246	100	3.0935	34.7	44.3
NODE_287_length_245_cov_2.642857	1	245	28	245	100	7.91837	33.9	60
NODE_288_length_245_cov_2.107143	1	245	8	245	100	3.95918	36.4	60
NODE_289_length_245_cov_0.880952	1	245	2	245	100	1.23265	35.7	60
NODE_290_length_245_cov_0.880952	1	245	2	245	100	1.23265	35.8	60
NODE_291_length_245_cov_0.880952	1	245	2	245	100	1.23265	36	60
NODE_292_length_245_cov_0.880952	1	245	2	245	100	1.23265	36.8	60
NODE_293_length_244_cov_0.886228	1	244	2	244	100	1.2377	35.8	60
NODE_294_length_244_cov_0.886228	1	244	2	244	100	1.2377	36.8	60
NODE_295_length_244_cov_0.706587	1	244	2	244	100	1.2377	33.6	60
NODE_296_length_243_cov_60.246988	1	243	779	243	100	439.881	35	43.1
NODE_297_length_243_cov_1.349398	1	243	4	243	100	2.4856	35.5	60
NODE_298_length_243_cov_0.891566	1	243	2	243	100	1.2428	36.5	60
NODE_299_length_243_cov_0.789157	1	243	2	243	100	1.2428	35.8	60
NODE_300_length_242_cov_0.896970	1	242	2	242	100	1.24793	36.2	60
NODE_301_length_242_cov_0.896970	1	242	2	242	100	1.24793	36.7	60
NODE_302_length_242_cov_0.896970	1	242	2	242	100	1.24793	36.7	60
NODE_303_length_241_cov_0.902439	1	241	2	241	100	1.25311	36.3	60
NODE_304_length_241_cov_0.902439	1	241	2	241	100	1.25311	36.1	60
NODE_305_length_241_cov_0.902439	1	241	2	241	100	1.25311	35.8	60
NODE_306_length_241_cov_0.902439	1	241	2	241	100	1.25311	36.6	60
NODE_307_length_241_cov_0.902439	1	241	2	241	100	1.25311	36.3	60
NODE_308_length_241_cov_0.902439	1	241	10	241	100	1.9917	35.8	58
NODE_309_length_241_cov_0.902439	1	241	2	241	100	1.25311	32.6	60
NODE_310_length_240_cov_1.435583	1	240	5	240	100	2.57917	35	60
NODE_311_length_240_cov_0.907975	1	240	2	240	100	1.25833	36.6	60
NODE_312_length_240_cov_0.907975	1	240	2	240	100	1.25833	36	60
NODE_313_length_240_cov_0.852761	1	240	2	240	100	1.25833	34.8	60
NODE_314_length_240_cov_0.711656	1	240	2	240	100	1.25833	34.2	60
NODE_315_length_239_cov_0.987654	1	239	3	239	100	1.84519	36.1	60
NODE_316_length_239_cov_0.913580	1	239	2	239	100	1.2636	35	60
NODE_317_length_239_cov_0.913580	1	239	2	239	100	1.2636	36.7	60
NODE_318_length_239_cov_0.913580	1	239	2	239	100	1.2636	35.7	60
NODE_319_length_238_cov_1.366460	1	238	4	238	100	2.21849	36.5	60
NODE_320_length_238_cov_0.919255	1	238	2	238	100	1.26891	36.3	60
NODE_321_length_237_cov_122.606250	1	237	209	237	100	117.422	35.2	46.6
NODE_322_length_237_cov_51.875000	1	237	87	237	100	48.5738	35.2	44.3
NODE_323_length_237_cov_2.018750	1	237	6	237	100	3.4346	36.6	60
NODE_324_length_237_cov_0.925000	1	237	2	237	100	1.27426	36	60
NODE_325_length_237_cov_0.925000	1	237	2	237	100	1.27426	34.5	60
NODE_326_length_237_cov_0.925000	1	237	2	237	100	1.27426	36.3	60
NODE_327_length_237_cov_0.925000	1	237	2	237	100	1.27426	36.2	60
NODE_328_length_237_cov_0.925000	1	237	2	237	100	1.27426	36.8	60
NODE_329_length_237_cov_0.925000	1	237	2	237	100	1.27426	36.1	60
NODE_330_length_236_cov_0.930818	1	236	2	236	100	1.27966	34.4	60
NODE_331_length_236_cov_0.874214	1	236	2	236	100	1.27966	35.3	60
NODE_332_length_236_cov_0.748428	1	236	2	236	100	1.27966	35.1	60
NODE_333_length_236_cov_0.723270	1	236	2	236	100	1.27966	34.6	60
NODE_334_length_235_cov_0.936709	1	235	2	235	100	1.28511	36.7	60
NODE_335_length_235_cov_0.936709	1	235	2	235	100	1.28511	35.9	60
NODE_336_length_235_cov_0.936709	1	235	2	235	100	1.28511	36.5	60
NODE_337_length_235_cov_0.936709	1	235	2	235	100	1.28511	36.2	60
NODE_338_length_235_cov_0.822785	1	235	2	235	100	1.28511	32.4	60
NODE_339_length_234_cov_1.885350	1	234	4	234	100	2.5812	34.1	60
NODE_340_length_234_cov_0.942675	1	234	2	234	100	1.2906	36.3	60
NODE_341_length_234_cov_0.942675	1	234	2	234	100	1.2906	36.5	60
NODE_342_length_234_cov_0.942675	1	234	2	234	100	1.2906	36.3	60
NODE_343_length_234_cov_0.942675	1	234	2	234	100	1.2906	36.8	60
NODE_344_length_234_cov_0.942675	1	234	24	234	100	7.91026	36.1	54.2
NODE_345_length_234_cov_0.783439	1	234	2	234	100	1.2906	35.1	60
NODE_346_length_233_cov_130.596154	1	233	376	233	100	213.348	35.2	46
NODE_347_length_233_cov_1.500000	1	233	4	233	100	2.59227	34	60
NODE_348_length_233_cov_0.948718	1	233	2	233	100	1.29614	36.4	60
NODE_349_length_233_cov_0.948718	1	233	2	233	100	1.29614	33.6	60
NODE_350_length_233_cov_0.846154	1	233	2	233	100	1.29614	33.8	60
NODE_351_length_232_cov_1.909677	1	232	4	232	100	2.60345	35.9	60
NODE_352_length_232_cov_0.954839	1	232	2	232	100	1.30172	36.1	60
NODE_353_length_232_cov_0.954839	1	232	2	232	100	1.30172	36.4	60
NODE_354_length_232_cov_0.954839	1	232	2	232	100	1.30172	36.2	60
NODE_355_length_232_cov_0.954839	1	232	2	232	100	1.30172	36.6	60
NODE_356_length_232_cov_0.954839	1	232	2	232	100	1.30172	36.3	60
NODE_357_length_231_cov_0.961039	1	231	2	231	100	1.30736	36.4	60
NODE_358_length_231_cov_0.961039	1	231	2	231	100	1.30736	36.4	60
NODE_359_length_231_cov_0.961039	1	231	2	231	100	1.30736	34.9	60
NODE_360_length_231_cov_0.961039	1	231	2	231	100	1.30736	36.1	60
NODE_361_length_231_cov_0.961039	1	231	2	231	100	1.30736	36.4	60
NODE_362_length_231_cov_0.376623	1	231	28	231	100	5.57576	34.7	56
NODE_363_length_230_cov_59.601307	1	230	86	229	99.5652	48.9652	35.4	0
NODE_364_length_230_cov_0.967320	1	230	2	230	100	1.31304	34.9	60
NODE_365_length_230_cov_0.967320	1	230	2	230	100	1.31304	35.7	60
NODE_366_length_230_cov_0.856209	1	230	4	230	100	1.8913	36.4	60
NODE_367_length_230_cov_0.830065	1	230	2	230	100	1.31304	34.2	60
NODE_368_length_230_cov_0.790850	1	230	2	230	100	1.31304	35.1	60
NODE_369_length_229_cov_1.947368	1	229	4	229	100	2.63755	36.4	60
NODE_370_length_229_cov_0.973684	1	229	2	229	100	1.31878	36.1	60
NODE_371_length_229_cov_0.973684	1	229	2	229	100	1.31878	35.8	60
NODE_372_length_229_cov_0.973684	1	229	2	229	100	1.31878	34.4	60
NODE_373_length_229_cov_0.973684	1	229	2	229	100	1.31878	36.6	60
NODE_374_length_229_cov_0.973684	1	229	2	229	100	1.31878	36.7	60
NODE_375_length_226_cov_113.073826	1	226	260	226	100	157.31	35.1	58.2
NODE_376_length_226_cov_66.362416	1	226	65	226	100	39.646	35.7	48
NODE_377_length_224_cov_400.149660	1	224	749	224	100	447.228	35.2	51.2
NODE_378_length_220_cov_76.867133	1	220	179	220	100	102.141	35	34.9
NODE_379_length_220_cov_48.244755	1	220	73	220	100	44.6409	34.8	44.8
NODE_380_length_215_cov_59.065217	1	215	172	215	100	102.535	34.6	45.8
NODE_381_length_214_cov_29.189781	1	214	111	214	100	62.8318	34.3	45.3
NODE_382_length_213_cov_58.669118	1	213	123	213	100	78.0235	35.1	53.3
NODE_383_length_212_cov_34.740741	1	212	63	212	100	38.3774	34.8	55.6
NODE_384_length_211_cov_77.582090	1	211	227	211	100	145.569	35	49.8
NODE_385_length_210_cov_1.022556	1	210	11	162	77.1429	3.24286	33.1	14
NODE_386_length_208_cov_34.083969	1	208	74	208	100	40.1971	34.9	48.9
NODE_387_length_208_cov_0.587786	1	208	100	208	100	58.125	34.4	31.2
NODE_388_length_206_cov_1150.651163	1	206	2483	206	100	1470.18	35.4	42.4
NODE_389_length_206_cov_62.108527	1	206	42	206	100	25.3058	35.9	37.1
NODE_390_length_205_cov_81.679688	1	205	163	205	100	105.107	35.5	58.3
NODE_391_length_203_cov_129.500000	1	203	212	203	100	138.581	35	47
NODE_392_length_200_cov_1126.691057	1	200	4134	200	100	2689.51	35.2	42.9
NODE_393_length_199_cov_76.114754	1	199	106	199	100	69.4322	35.6	55.5
NODE_394_length_198_cov_70.371901	1	198	172	198	100	105.889	35.2	44.4
NODE_395_length_197_cov_141.966667	1	197	278	197	100	184.376	35	21.8
NODE_396_length_196_cov_441.436975	1	196	578	196	100	388.143	35.2	43.1
NODE_397_length_196_cov_222.394958	1	196	407	196	100	268.73	35.2	55.2
NODE_398_length_194_cov_52.717949	1	194	99	194	100	67.2887	35.4	49.9
NODE_399_length_194_cov_42.632479	1	194	74	194	100	51.1804	35	48.8
NODE_400_length_193_cov_55.922414	1	193	100	193	100	69.3264	35.1	49.1
NODE_401_length_193_cov_31.362069	1	193	59	193	100	40.2798	35.1	44.4
NODE_402_length_192_cov_2.043478	1	192	18	192	100	6.48958	34.8	25.2
NODE_403_length_191_cov_91.061404	1	191	126	191	100	87.7696	35.6	53.1
NODE_404_length_191_cov_58.412281	1	191	61	191	100	42.9843	35	52
NODE_405_length_190_cov_129.221239	1	190	255	190	100	179.821	35.2	49.2
NODE_406_length_189_cov_51.875000	1	189	97	189	100	65.1534	35.3	50.1
NODE_407_length_188_cov_49.225225	1	188	103	188	100	70.4468	34.6	52.4
NODE_408_length_182_cov_41.304762	1	182	189	182	100	105.698	35.3	33.1
NODE_409_length_181_cov_151.278846	1	181	315	181	100	216.514	35.3	49
NODE_410_length_179_cov_405.068627	1	179	763	179	100	543.872	34.9	51.8
NODE_411_length_179_cov_67.245098	1	179	104	179	100	77.1508	35.2	56.3
NODE_412_length_178_cov_66.059406	1	178	104	178	100	73.1236	35.4	48.4
NODE_413_length_177_cov_50.240000	1	177	52	177	100	37.5819	35.3	45.8
NODE_414_length_176_cov_412.989899	1	176	261	176	100	192.506	34.9	0
NODE_415_length_176_cov_52.242424	1	176	59	176	100	42.142	35.4	45.2
NODE_416_length_170_cov_148.698925	1	170	109	170	100	74.2882	34.8	33.9
NODE_417_length_169_cov_331.869565	1	169	458	169	100	341.521	35.1	42.2
NODE_418_length_169_cov_218.021739	1	169	343	169	100	256.231	35.4	51.4
NODE_419_length_167_cov_3615.655556	1	167	6269	167	100	5058.26	35.1	45.5
NODE_420_length_167_cov_260.766667	1	167	356	167	100	267.641	35.1	51.1
NODE_421_length_165_cov_673.409091	1	165	514	165	100	397.545	35.5	38.1
NODE_422_length_164_cov_52.287356	1	164	49	164	100	38.9329	34.2	44.6
NODE_423_length_164_cov_33.620690	1	164	73	164	100	51.4695	34.3	45.2
NODE_424_length_163_cov_39.453488	1	163	803	163	100	627.687	35	34.3
NODE_425_length_162_cov_155.741176	1	162	2845	162	100	2149.12	35.2	38.6
NODE_426_length_162_cov_0.635294	1	162	16	160	98.7654	8.05556	35.4	45.6
NODE_427_length_160_cov_206.686747	1	160	104	160	100	76.825	34.9	36.8
NODE_428_length_160_cov_123.421687	1	160	170	160	100	133.062	35.3	44
NODE_429_length_159_cov_199.707317	1	159	412	159	100	303.547	34.7	46.7
NODE_430_length_158_cov_437.925926	1	158	243	158	100	185.639	34.9	30
NODE_431_length_158_cov_243.222222	1	158	326	158	100	256.873	34.6	53.2
NODE_432_length_158_cov_66.345679	1	158	108	158	100	85.0823	35.2	37.5
NODE_433_length_156_cov_62.987342	1	156	55	156	100	44.9872	35.3	44
NODE_434_length_155_cov_561.782051	1	155	667	155	100	541.91	35.3	30.4
NODE_435_length_155_cov_446.641026	1	155	538	155	100	443.981	35	33.9
NODE_436_length_155_cov_442.358974	1	155	558	155	100	454.994	35	33.6
NODE_437_length_155_cov_370.179487	1	155	521	155	100	408.729	35.4	29.3
NODE_438_length_155_cov_335.897436	1	155	422	155	100	339.419	35.3	29.7
NODE_439_length_155_cov_308.435897	1	155	73	155	100	49.8258	34.9	0.603
NODE_440_length_155_cov_294.397436	1	155	52	155	100	33.0774	35.1	0
NODE_441_length_155_cov_271.461538	1	155	352	155	100	280.103	35.1	30.4
NODE_442_length_155_cov_120.794872	1	155	274	155	100	209.632	34.6	27.3
NODE_443_length_155_cov_108.166667	1	155	144	155	100	121.619	35.5	34
NODE_444_length_155_cov_91.102564	1	155	766	155	100	595.374	29.4	28.7
NODE_445_length_155_cov_69.435897	1	155	28	148	95.4839	21.3226	36.1	0
NODE_446_length_155_cov_65.935897	1	155	15	155	100	11.9935	35.6	0
NODE_447_length_155_cov_62.628205	1	155	4	106	68.3871	2.05161	36.5	0
NODE_448_length_155_cov_62.166667	1	155	9	128	82.5806	5.52258	35	0
NODE_449_length_155_cov_59.705128	1	155	27	148	95.4839	20.3161	36.1	0
NODE_450_length_155_cov_59.589744	1	155	15	151	97.4194	11.3226	35.9	0
NODE_451_length_155_cov_58.756410	1	155	3	113	72.9032	1.93548	36.3	0
NODE_452_length_155_cov_57.935897	1	155	14	154	99.3548	11.6645	36.7	0
NODE_453_length_155_cov_56.230769	1	155	877	155	100	709.626	33.7	1.43
NODE_454_length_155_cov_54.487179	1	155	118	155	100	95.4645	35.3	40.9
NODE_455_length_155_cov_54.166667	1	155	22	155	100	17.8065	33.6	0
NODE_456_length_155_cov_52.384615	1	155	526	155	100	409.097	34.5	37.8
NODE_457_length_155_cov_49.461538	1	155	16	151	97.4194	12.2903	34.8	0
NODE_458_length_155_cov_49.333333	1	155	27	155	100	22.6387	35.3	30.6
NODE_459_length_155_cov_48.974359	1	155	59	155	100	48.6839	35.7	37.8
NODE_460_length_155_cov_48.576923	1	155	21	155	100	16	36.2	0
NODE_461_length_155_cov_48.038462	1	155	65	155	100	50.6065	34.9	39.3
NODE_462_length_155_cov_46.756410	1	155	9	155	100	7.4129	35	32.4
NODE_463_length_155_cov_46.717949	1	155	647	155	100	552.626	35	37
NODE_464_length_155_cov_45.358974	1	155	53	155	100	42.2129	35.7	34.5
NODE_465_length_155_cov_44.782051	1	155	32	155	100	25.7161	35.5	17.6
NODE_466_length_155_cov_44.153846	1	155	23	155	100	18.729	36.2	36.3
NODE_467_length_155_cov_43.435897	1	155	27	155	100	20.7032	33.1	32
NODE_468_length_155_cov_42.500000	1	155	13	155	100	10.4774	32.5	22.9
NODE_469_length_155_cov_42.397436	1	155	33	155	100	25.5355	35.3	37.3
NODE_470_length_155_cov_40.512821	1	155	57	155	100	46.8968	35.5	42
NODE_471_length_155_cov_40.115385	1	155	4	154	99.3548	3.22581	36.4	47
NODE_472_length_155_cov_37.282051	1	155	46	155	100	38.1484	35.9	32.7
NODE_473_length_155_cov_36.269231	1	155	6	151	97.4194	4.23226	33.7	35
NODE_474_length_155_cov_36.256410	1	155	2	146	94.1935	1.88387	34.1	9
NODE_475_length_155_cov_33.525641	1	155	22	150	96.7742	16.7161	34.7	35.3
NODE_476_length_155_cov_32.410256	1	155	21	155	100	15.9355	35.6	34.7
NODE_477_length_155_cov_29.538462	1	155	906	155	100	742.303	33.7	1.47
NODE_478_length_155_cov_28.487179	1	155	5	124	80	1.8	36.1	20.4
NODE_479_length_155_cov_28.282051	1	155	1032	155	100	880.277	33.8	1.9
NODE_480_length_155_cov_27.089744	1	155	991	155	100	827.213	33.7	1.88
NODE_481_length_154_cov_270.363636	1	154	587	154	100	462.747	34.8	41.4
NODE_482_length_154_cov_48.896104	1	154	61	154	100	49.7922	35.4	46.8
NODE_483_length_154_cov_29.233766	1	154	561	154	100	417.097	33.6	0.576
NODE_484_length_153_cov_28.986842	1	153	38	153	100	29.5817	34.6	47.7
NODE_485_length_152_cov_474.226667	1	152	764	152	100	465.48	35.3	23.5
NODE_486_length_151_cov_107.093333	1	151	532	151	100	436.954	34	1.79
NODE_487_length_152_cov_53.320000	1	152	97	152	100	74.7039	35.4	50.8
NODE_488_length_152_cov_37.586667	1	152	42	152	100	34.3289	34.4	56.7
NODE_489_length_151_cov_106.945946	1	151	146	151	100	119.894	35.2	53.6
NODE_490_length_151_cov_54.662162	1	151	91	151	100	69.1589	34.7	48.7
NODE_491_length_151_cov_51.486486	1	151	34	151	100	28.2781	35.1	44.6
NODE_492_length_151_cov_44.689189	1	151	76	151	100	55.3046	34.7	38.9
NODE_493_length_151_cov_3.189189	1	151	26	151	100	10.8675	35.5	20.7
NODE_494_length_150_cov_107.383562	1	150	71	150	100	34.96	33.7	15.9
NODE_495_length_149_cov_538.722222	1	149	500	149	100	423.141	35	35.4
NODE_496_length_149_cov_492.236111	1	149	573	149	100	475.664	35.1	50.1
NODE_497_length_149_cov_468.902778	1	149	116	149	100	80.9396	35.1	33.9
NODE_498_length_149_cov_135.027778	1	149	108	149	100	88.7248	34.9	30.3
NODE_499_length_149_cov_86.361111	1	149	599	149	100	503.322	35.1	38.5
NODE_500_length_149_cov_52.333333	1	149	1501	149	100	1177.65	34.6	32.4
NODE_501_length_149_cov_50.805556	1	149	25	149	100	16.2886	34.7	18.2
NODE_502_length_148_cov_299.436620	1	148	324	148	100	268.257	35.2	35.4
NODE_503_length_148_cov_55.352113	1	148	23	148	100	18.0946	35	39.3
NODE_504_length_147_cov_64.042857	1	147	79	147	100	67.0068	35	49.4
NODE_505_length_146_cov_2571.695652	1	146	3564	146	100	3112.78	35.5	46.8
NODE_506_length_146_cov_399.246377	1	146	546	146	100	429.349	35.2	36.8
NODE_507_length_146_cov_73.260870	1	146	673	146	100	591.733	34.8	38.7
NODE_508_length_146_cov_51.913043	1	146	69	146	100	47.1164	35.4	34
NODE_509_length_146_cov_41.202899	1	146	119	146	100	100.719	35.3	32.9
NODE_510_length_145_cov_171.647059	1	145	165	145	100	129.366	35.4	31.2
NODE_511_length_145_cov_55.338235	1	145	68	145	100	56.2207	34.8	48
NODE_512_length_145_cov_46.897059	1	145	88	145	100	57.531	35.8	31.5
NODE_513_length_144_cov_338.716418	1	144	67	144	100	47.9792	35.1	26
NODE_514_length_144_cov_221.611940	1	144	216	144	100	185.229	35.1	53.3
NODE_515_length_144_cov_107.985075	1	144	180	144	100	142.472	33.2	32.6
NODE_516_length_143_cov_196.545455	1	143	202	143	100	167.741	35.6	47.8
NODE_517_length_143_cov_112.000000	1	143	21	141	98.6014	10.8811	34.8	9.52
NODE_518_length_143_cov_71.984848	1	143	38	143	100	33.2378	34.5	26.9
NODE_519_length_143_cov_64.787879	1	143	70	143	100	58.1469	35.4	46.2
NODE_520_length_143_cov_63.045455	1	143	348	143	100	279.35	34.8	27
NODE_521_length_143_cov_56.651515	1	143	118	143	100	92.9231	34.9	18
NODE_522_length_143_cov_44.939394	1	143	3485	143	100	2915.03	35.3	34.7
NODE_523_length_143_cov_39.590909	1	143	57	142	99.3007	36.9161	35.2	0
NODE_524_length_142_cov_222.461538	1	142	303	142	100	252.225	33.5	35.1
NODE_525_length_142_cov_47.815385	1	142	1018	142	100	897.204	34.9	36.7
NODE_526_length_141_cov_144.656250	1	141	206	141	100	173.567	33.6	26.9
NODE_527_length_141_cov_81.765625	1	141	122	141	100	97.1631	33.1	25.9
NODE_528_length_141_cov_49.609375	1	141	59	141	100	49.0496	35	42.9
NODE_529_length_140_cov_204.222222	1	140	852	140	100	750.093	35.1	40.1
NODE_530_length_140_cov_104.507937	1	140	72	140	100	60.8286	35.5	38.3
NODE_531_length_140_cov_56.904762	1	140	69	140	100	57.9357	35.3	47.3
NODE_532_length_140_cov_47.873016	1	140	87	140	100	77.1214	35.5	30
NODE_533_length_140_cov_47.746032	1	140	192	140	100	154.157	35.2	31.7
NODE_534_length_140_cov_44.269841	1	140	30	140	100	24.8071	36.5	38.4
NODE_535_length_140_cov_42.396825	1	140	416	140	100	358.671	34.4	31.5
NODE_536_length_141_cov_30.317460	1	141	1042	141	100	846.603	34.6	35.9
NODE_537_length_139_cov_63.725806	1	139	38	139	100	30.8273	35.1	27
NODE_538_length_139_cov_61.709677	1	139	217	139	100	149.806	34.7	29.4
NODE_539_length_138_cov_131.229508	1	138	188	138	100	156.449	35.2	45
NODE_540_length_138_cov_128.295082	1	138	1435	138	100	1239.28	35.1	41.7
NODE_541_length_137_cov_152.900000	1	137	628	137	100	572.124	35.2	33.7
NODE_542_length_137_cov_122.433333	1	137	75	137	100	61.4745	34.9	33
NODE_543_length_137_cov_99.150000	1	137	83	137	100	67.3577	34.8	29.4
NODE_544_length_137_cov_53.833333	1	137	38	137	100	20.8321	33.9	7.76
NODE_545_length_136_cov_762.016949	1	136	702	136	100	629.324	35.3	51.6
NODE_546_length_135_cov_102.620690	1	135	186	135	100	143.97	34	33
NODE_547_length_135_cov_101.913793	1	135	20	135	100	13.1407	34.7	31.3
NODE_548_length_135_cov_88.775862	1	135	25	135	100	13.5259	35.3	23.1
NODE_549_length_135_cov_59.551724	1	135	137	135	100	90.9185	34.9	29.1
NODE_550_length_135_cov_32.655172	1	135	39	135	100	29.9185	35.6	33.3
NODE_551_length_135_cov_3.120690	1	135	400	135	100	130.074	25.9	1.45
NODE_552_length_134_cov_381.385965	1	134	601	134	100	531.649	34.8	43.1
NODE_553_length_134_cov_354.649123	1	134	87	134	100	54.5821	34.8	24.6
NODE_554_length_134_cov_337.719298	1	134	63	134	100	46.4776	35.1	28.7
NODE_555_length_134_cov_270.614035	1	134	78	134	100	48.9478	34.8	0
NODE_556_length_134_cov_54.754386	1	134	50	134	100	44.1493	35.4	33.8
NODE_557_length_134_cov_48.000000	1	134	37	134	100	28.806	35.1	25.6
NODE_558_length_134_cov_46.543860	1	134	29	134	100	18.7239	35.3	33.3
NODE_559_length_134_cov_28.824561	1	134	70	134	100	54.3955	34.7	31.2
NODE_560_length_134_cov_25.649123	1	134	28	134	100	23.9328	35.3	49
NODE_561_length_133_cov_534.892857	1	133	387	133	100	351.421	35.1	41.5
NODE_562_length_133_cov_113.982143	1	133	63	133	100	55.3233	34.7	32.6
NODE_563_length_133_cov_52.142857	1	133	64	133	100	56.4135	35	46.9
NODE_564_length_133_cov_40.625000	1	133	9	133	100	5.84962	34.5	0
NODE_565_length_132_cov_278.472727	1	132	123	132	100	99.6515	35.5	41.1
NODE_566_length_132_cov_141.145455	1	132	47	132	100	36.7045	34.9	23.9
NODE_567_length_131_cov_207.333333	1	131	87	131	100	63.4198	35.5	45
NODE_568_length_131_cov_150.351852	1	131	106	131	100	84.2977	35.2	26.3
NODE_569_length_131_cov_133.037037	1	131	9	128	97.7099	6.59542	34.7	40.7
NODE_570_length_131_cov_128.888889	1	131	69	131	100	55.2595	34.6	29.9
NODE_571_length_131_cov_63.796296	1	131	369	131	100	274.107	35.1	12.6
NODE_572_length_131_cov_61.259259	1	131	15	131	100	10.0382	36.2	9.47
NODE_573_length_131_cov_60.388889	1	131	33	131	100	23.0076	35.8	19.1
NODE_574_length_131_cov_57.111111	1	131	26	131	100	22.2214	35.5	35.5
NODE_575_length_131_cov_53.777778	1	131	19	131	100	13.2748	34.1	23.4
NODE_576_length_131_cov_44.925926	1	131	55	131	100	40.5191	34.9	32.3
NODE_577_length_131_cov_1.703704	1	131	158	131	100	144.153	34.3	15.8
NODE_578_length_130_cov_442.962264	1	130	447	130	100	403.123	34.9	44.3
NODE_579_length_129_cov_134.596154	1	129	202	129	100	179.496	35.6	17.5
NODE_580_length_129_cov_54.057692	1	129	49	129	100	44.8062	35.5	50.4
NODE_581_length_129_cov_28.192308	1	129	68	129	100	54.1628	34.3	28.1
NODE_582_length_128_cov_464.235294	1	128	139	128	100	112.055	34.7	10.7
NODE_583_length_128_cov_279.568627	1	128	167	128	100	152.281	34.5	34.8
NODE_584_length_128_cov_197.549020	1	128	560	128	100	453.672	35.3	13.6
NODE_585_length_128_cov_162.000000	1	128	36	128	100	27.375	34.3	38.4
NODE_586_length_128_cov_36.823529	1	128	2	87	67.9688	0.679688	35.3	30
NODE_587_length_128_cov_34.764706	1	128	120	128	100	104.312	35.4	31.3
NODE_588_length_127_cov_201.100000	1	127	300	127	100	242.409	35.3	20.2
NODE_589_length_127_cov_93.020000	1	127	172	127	100	149.551	34.7	32
NODE_590_length_127_cov_2.440000	1	127	2	112	88.189	1.76378	36.9	43
NODE_591_length_126_cov_324.285714	1	126	303	126	100	278.079	35	42.6
NODE_592_length_126_cov_80.183673	1	126	189	126	100	165.825	35.3	25.1
NODE_593_length_125_cov_736.208333	1	125	677	125	100	576.544	34.7	42.8
NODE_594_length_125_cov_303.416667	1	125	290	125	100	259.336	35.1	32.5
NODE_595_length_125_cov_55.875000	1	125	18	125	100	12.872	36.2	28.4
NODE_596_length_125_cov_51.520833	1	125	26	125	100	21.36	34.7	33.2
NODE_597_length_125_cov_47.562500	1	125	138	125	100	124.6	34.9	34.4
NODE_598_length_125_cov_44.104167	1	125	17	125	100	12.888	34.9	30.1
NODE_599_length_124_cov_1565.936170	1	124	110	124	100	70.5081	34.8	1.41
NODE_600_length_123_cov_37.956522	1	123	597	123	100	539.382	34.1	26.5
NODE_601_length_122_cov_577.577778	1	122	82	122	100	64.7623	34.9	24.3
NODE_602_length_122_cov_555.533333	1	122	65	122	100	41.4344	33.7	21.9
NODE_603_length_122_cov_404.777778	1	122	1515	122	100	1360.75	35.4	34.7
NODE_604_length_122_cov_246.644444	1	122	45	122	100	31.9262	33.8	29.8
NODE_605_length_122_cov_57.000000	1	122	18	119	97.541	9.84426	34.3	6.11
NODE_606_length_121_cov_446.045455	1	121	61	121	100	42.5207	34.8	19.7
NODE_607_length_119_cov_350.023810	1	119	51	119	100	43.1345	34.9	17.3
NODE_608_length_119_cov_280.214286	1	119	199	119	100	184.664	35.5	25.8
NODE_609_length_119_cov_274.761905	1	119	251	119	100	221.697	35.5	24
NODE_610_length_119_cov_266.976190	1	119	18	118	99.1597	10.5714	36.1	11.2
NODE_611_length_119_cov_200.571429	1	119	5	85	71.4286	2.89076	35.9	0
NODE_612_length_119_cov_191.952381	1	119	1	103	86.5546	0.865546	27.6	0
NODE_613_length_119_cov_169.214286	1	119	526	119	100	477.193	35	25.6
NODE_614_length_119_cov_147.404762	1	119	1027	119	100	946.429	35.4	30.3
NODE_615_length_119_cov_99.071429	1	119	14	119	100	8.43697	33.7	26.6
NODE_616_length_119_cov_95.809524	1	119	73	119	100	61.2857	34.4	33.1
NODE_617_length_119_cov_62.619048	1	119	5	116	97.479	4.42857	36.5	40.6
NODE_618_length_118_cov_41.195122	1	118	31	118	100	26.7797	33.8	34.1
NODE_619_length_118_cov_39.463415	1	118	12	118	100	10.5847	35.1	40.1
NODE_620_length_117_cov_445.900000	1	117	362	117	100	336.983	34.8	37.4
NODE_621_length_117_cov_177.425000	1	117	21	117	100	16.0684	35.7	34.2
NODE_622_length_117_cov_53.625000	1	117	11	115	98.2906	9.5641	34.1	0
NODE_623_length_116_cov_490.230769	1	116	27	116	100	21.3017	34.9	22.1
NODE_624_length_116_cov_298.461538	1	116	245	116	100	224.629	34.9	34
NODE_625_length_116_cov_233.974359	1	116	47	116	100	35.2931	34.4	36.9
NODE_626_length_116_cov_187.230769	1	116	17	116	100	12.1983	34.8	25.1
NODE_627_length_116_cov_152.333333	1	116	27	116	100	21.9224	35.2	35.1
NODE_628_length_116_cov_107.025641	1	116	17	115	99.1379	11.2586	35.1	9.71
NODE_629_length_116_cov_26.794872	1	116	40	116	100	29.7672	34.8	25.7
NODE_630_length_115_cov_90.552632	1	115	96	115	100	83.8087	34.5	35.9
NODE_631_length_115_cov_39.894737	1	115	14	115	100	7.47826	34.2	14.6
NODE_632_length_114_cov_4433.864865	1	114	166	114	100	114.579	35.2	0.114
NODE_633_length_114_cov_235.567568	1	114	7	114	100	5.92982	36.1	0
NODE_634_length_114_cov_149.945946	1	114	78	114	100	59.693	34.8	18
NODE_635_length_114_cov_92.810811	1	114	83	114	100	74.0965	35	24.1
NODE_636_length_113_cov_1467.250000	1	113	60	112	99.115	42.4159	34.2	0.883
NODE_637_length_113_cov_347.500000	1	113	39	113	100	26.0442	35.2	3.08
NODE_638_length_113_cov_200.750000	1	113	169	113	100	154.664	34.8	28.7
NODE_639_length_113_cov_176.166667	1	113	53	113	100	35.115	34	12.2
NODE_640_length_113_cov_151.666667	1	113	87	113	100	68.4956	35	10.4
NODE_642_length_113_cov_65.972222	1	113	40	113	100	26.6372	34.1	13.4
NODE_643_length_113_cov_58.222222	1	113	420	113	100	373.168	35.7	29.9
NODE_644_length_113_cov_54.861111	1	113	6	102	90.2655	3.50442	35.9	0
NODE_645_length_113_cov_54.472222	1	113	47	113	100	35.5841	35.2	6.98
NODE_646_length_113_cov_51.888889	1	113	8	113	100	6.47788	35.9	3.25
NODE_647_length_113_cov_46.861111	1	113	12	113	100	9.54867	35.8	5.5
NODE_648_length_113_cov_46.361111	1	113	6	105	92.9204	3.53982	31.6	0
NODE_649_length_113_cov_41.444444	1	113	3	84	74.3363	1.33628	35.8	0
NODE_651_length_112_cov_403.800000	1	112	383	112	100	344.179	34.8	28.1
NODE_652_length_112_cov_173.714286	1	112	25	111	99.1071	16.4107	35.7	28.7
NODE_653_length_112_cov_51.514286	1	112	1	89	79.4643	0.794643	29.4	48
NODE_654_length_112_cov_44.971429	1	112	4	95	84.8214	3.23214	36.2	28
NODE_655_length_111_cov_420.382353	1	111	122	111	100	75.7477	33.8	1.08
NODE_656_length_111_cov_176.941176	1	111	42	111	100	37.1892	35.5	26.5
NODE_657_length_111_cov_127.411765	1	111	129	111	100	115.928	34.9	27.2
NODE_659_length_111_cov_48.176471	1	111	48	111	100	43.4414	35.2	18.8
NODE_660_length_111_cov_38.588235	1	111	46	111	100	40.6306	34.6	27.9
NODE_661_length_111_cov_33.882353	1	111	31	111	100	25.4775	34.4	18.5
NODE_662_length_110_cov_959.666667	1	110	75	110	100	61.6909	34.4	35.7
NODE_663_length_110_cov_641.121212	1	110	436	110	100	401.555	34.9	26.4
NODE_664_length_110_cov_624.636364	1	110	38	110	100	30.2818	34.2	2.45
NODE_665_length_110_cov_383.151515	1	110	56	110	100	41.2273	35.6	27.9
NODE_666_length_110_cov_316.030303	1	110	264	110	100	246.591	34.9	30.1
NODE_667_length_110_cov_157.909091	1	110	5	97	88.1818	3.08182	35.1	0
NODE_668_length_110_cov_99.757576	1	110	51	110	100	44.8273	34.9	29.6
NODE_669_length_110_cov_89.181818	1	110	58	110	100	54.2455	35.4	35.9
NODE_670_length_110_cov_54.333333	1	110	26	110	100	23.6364	34.5	19
NODE_671_length_110_cov_40.878788	1	110	4	84	76.3636	2.72727	34.8	25
NODE_672_length_109_cov_147.625000	1	109	24	109	100	16.9817	34.7	25
NODE_673_length_109_cov_47.375000	1	109	65	109	100	51.8899	34.9	18.2
NODE_674_length_108_cov_419.806452	1	108	62	108	100	35.2778	34.5	2.55
NODE_675_length_108_cov_277.483871	1	108	97	108	100	89.6759	35.4	25
NODE_676_length_108_cov_142.645161	1	108	40	108	100	38	34.9	28.4
NODE_677_length_107_cov_670.266667	1	107	24	104	97.1963	14.6542	34.7	0.417
NODE_678_length_107_cov_546.900000	1	107	17	105	98.1308	12.6168	34.9	0
NODE_679_length_107_cov_330.433333	1	107	20	107	100	15	35.6	28.3
NODE_680_length_107_cov_224.433333	1	107	12	107	100	9.96262	35.9	30.8
NODE_681_length_107_cov_200.033333	1	107	15	107	100	13.6542	36.4	10
NODE_682_length_107_cov_176.233333	1	107	8	97	90.6542	5.04673	36.4	0
NODE_683_length_107_cov_140.100000	1	107	89	107	100	79.7009	34.8	23.9
NODE_684_length_107_cov_137.466667	1	107	3	92	85.9813	2.31776	33.4	0
NODE_685_length_107_cov_117.300000	1	107	6	93	86.9159	3.84112	35.6	12.3
NODE_686_length_107_cov_63.000000	1	107	115	107	100	84.972	34.8	12
NODE_687_length_107_cov_32.700000	1	107	9	101	94.3925	5.79439	35.6	29.4
NODE_688_length_107_cov_2.500000	1	107	1	67	62.6168	0.626168	29.5	0
NODE_689_length_106_cov_1968.137931	1	106	1149	106	100	1094.5	35.3	34.4
NODE_690_length_106_cov_713.413793	1	106	334	106	100	312.67	34.7	25.6
NODE_691_length_106_cov_215.586207	1	106	96	106	100	76.6887	34.8	22.9
NODE_692_length_106_cov_160.689655	1	106	96	106	100	91.3113	34.8	22.1
NODE_693_length_106_cov_58.689655	1	106	35	106	100	31.7547	34.5	30.2
NODE_694_length_105_cov_1350.178571	1	105	152	105	100	124.781	34.3	2.72
NODE_695_length_105_cov_980.928571	1	105	22	103	98.0952	16.5333	35.7	0
NODE_696_length_105_cov_128.428571	1	105	9	105	100	7.31429	34.8	22.9
NODE_697_length_105_cov_52.535714	1	105	4	74	70.4762	1.71429	34.6	6
NODE_699_length_104_cov_678.518519	1	104	26	104	100	20.0192	34.7	20.8
NODE_700_length_104_cov_362.962963	1	104	182	104	100	170.683	35	28.3
NODE_701_length_104_cov_313.333333	1	104	16	104	100	12.0288	35.7	12.7
NODE_702_length_104_cov_300.777778	1	104	7	104	100	4.47115	34.6	0.429
NODE_703_length_104_cov_235.777778	1	104	33	99	95.1923	15.4615	35.8	19.1
NODE_704_length_104_cov_150.962963	1	104	3	70	67.3077	1.70192	35.9	11.3
NODE_706_length_104_cov_131.111111	1	104	4	77	74.0385	2.59615	32.6	3
NODE_707_length_104_cov_106.444444	1	104	53	104	100	49.7308	34.8	22.5
NODE_708_length_104_cov_95.333333	1	104	29	104	100	17.7308	34.8	2.93
NODE_709_length_104_cov_69.037037	1	104	4	102	98.0769	3.03846	36.5	10.5
NODE_710_length_103_cov_682.692308	1	103	12	81	78.6408	6.75728	36.1	17.4
NODE_711_length_103_cov_578.500000	1	103	279	103	100	260.262	35.3	15.7
NODE_712_length_103_cov_546.384615	1	103	17	102	99.0291	13.1359	35.5	0.941
NODE_713_length_103_cov_502.269231	1	103	42	103	100	36.2039	34.9	27.8
NODE_714_length_103_cov_384.115385	1	103	12	100	97.0874	7.76699	33.8	0.333
NODE_715_length_103_cov_264.461538	1	103	22	103	100	16.6796	34	27
NODE_716_length_103_cov_197.653846	1	103	7	86	83.4951	4.7767	34.6	0
NODE_717_length_103_cov_163.307692	1	103	41	103	100	36.068	34.8	28.6
NODE_718_length_103_cov_121.346154	1	103	64	103	100	54.2913	34.5	14
NODE_719_length_103_cov_84.576923	1	103	21	103	100	17.4175	33.8	17
NODE_720_length_102_cov_3563.360000	1	102	169	102	100	127.902	35.2	8.37
NODE_721_length_102_cov_1011.120000	1	102	34	102	100	24.7941	33.2	0
NODE_722_length_102_cov_570.240000	1	102	73	102	100	65.6569	35.8	42
NODE_723_length_102_cov_456.720000	1	102	50	102	100	38.1373	35	16.8
NODE_724_length_102_cov_383.760000	1	102	8	99	97.0588	3.97059	32.7	0
NODE_725_length_102_cov_311.760000	1	102	33	102	100	26.5098	35.2	13.8
NODE_726_length_102_cov_237.640000	1	102	8	90	88.2353	5.91176	35.2	23.4
NODE_727_length_102_cov_185.840000	1	102	2	64	62.7451	1.01961	36.7	0
NODE_728_length_102_cov_161.160000	1	102	69	102	100	56.9706	34.9	16.3
NODE_729_length_102_cov_111.520000	1	102	23	102	100	20.1569	34.8	31.5
NODE_730_length_102_cov_81.040000	1	102	16	99	97.0588	9.90196	34.7	0
NODE_731_length_102_cov_74.920000	1	102	11	102	100	6.83333	33.2	5.09
NODE_732_length_102_cov_66.920000	1	102	10	89	87.2549	5.36275	35	9.2
NODE_733_length_102_cov_43.760000	1	102	6	91	89.2157	3.20588	33.9	0
NODE_734_length_102_cov_35.960000	1	102	11	102	100	9.11765	32.8	11.9
NODE_735_length_102_cov_35.440000	1	102	4	102	100	2.67647	31.5	2.75
NODE_736_length_102_cov_35.160000	1	102	3	99	97.0588	1.35294	30.6	0
NODE_737_length_101_cov_1668.458333	1	101	15	98	97.0297	9.46535	34.1	0
NODE_738_length_101_cov_1430.333333	1	101	32	100	99.0099	22.2574	35	0
NODE_739_length_101_cov_1034.291667	1	101	25	100	99.0099	20.2277	34.6	0
NODE_740_length_101_cov_914.833333	1	101	70	101	100	57.3069	35.1	19.4
NODE_741_length_101_cov_885.041667	1	101	38	101	100	25.1485	34.1	1.63
NODE_742_length_101_cov_562.500000	1	101	144	101	100	130.574	35.8	21.7
NODE_743_length_101_cov_531.500000	1	101	74	101	100	57.604	35.4	12.3
NODE_744_length_101_cov_528.208333	1	101	18	100	99.0099	8.45545	34.9	0.611
NODE_745_length_101_cov_469.000000	1	101	18	101	100	14.1188	35.8	14.9
NODE_746_length_101_cov_460.000000	1	101	59	101	100	39.5644	34.4	1.49
NODE_747_length_101_cov_293.375000	1	101	6	90	89.1089	2.69307	33.9	0
NODE_748_length_101_cov_258.458333	1	101	82	101	100	55.0297	35.2	0
NODE_749_length_101_cov_222.291667	1	101	104	101	100	100.782	35.4	5.98
NODE_750_length_101_cov_154.666667	1	101	15	101	100	13.8119	35.7	43.9
NODE_751_length_101_cov_115.041667	1	101	29	101	100	17.9406	36	17.7
NODE_752_length_101_cov_91.458333	1	101	8	101	100	5.65347	32.9	49.8
NODE_753_length_101_cov_84.208333	1	101	32	101	100	29.0396	34.6	18.2
NODE_754_length_101_cov_75.625000	1	101	34	101	100	27.9307	34.3	12.7
NODE_755_length_101_cov_42.375000	1	101	25	101	100	10.9208	35.3	7.04
NODE_756_length_101_cov_31.041667	1	101	20	101	100	13.0495	35.4	13.5
NODE_757_length_100_cov_778.304348	1	100	28	100	100	25.2	35.8	32.1
NODE_758_length_100_cov_298.695652	1	100	14	100	100	11.44	32.6	0
NODE_759_length_100_cov_231.478261	1	100	15	100	100	10.39	34.8	3.8
NODE_760_length_100_cov_161.173913	1	100	21	100	100	16.45	33.9	0.952
NODE_761_length_100_cov_136.304348	1	100	7	100	100	5.43	33	34.6
NODE_762_length_99_cov_1220.409091	1	99	46	99	100	36.3636	35.4	2.26
NODE_763_length_99_cov_579.454545	1	99	12	99	100	10.4848	36	29.3
NODE_764_length_99_cov_222.954545	1	99	63	99	100	54.6566	34.1	12.7
NODE_765_length_99_cov_208.681818	1	99	28	99	100	19.7172	34.8	10.2
NODE_766_length_99_cov_197.727273	1	99	20	99	100	14.2626	34.5	23
NODE_767_length_99_cov_133.181818	1	99	5	99	100	3.81818	36.2	1.8
NODE_768_length_99_cov_99.636364	1	99	15	99	100	11.4848	34.4	19.9
NODE_769_length_99_cov_52.954545	1	99	2	81	81.8182	1.0202	30.8	4
NODE_770_length_98_cov_1841.619048	1	98	60	98	100	43.602	35.2	0.217
NODE_771_length_98_cov_1469.523810	1	98	64	98	100	46.4286	35.2	3.34
NODE_772_length_98_cov_1047.047619	1	98	34	98	100	23.3878	31.4	3.94
NODE_773_length_98_cov_1014.714286	1	98	43	98	100	30.6122	35	0
NODE_775_length_98_cov_491.666667	1	98	13	96	97.9592	9.68367	35.7	13.4
NODE_776_length_98_cov_436.857143	1	98	24	98	100	15.4898	34.5	13.2
NODE_777_length_98_cov_406.428571	1	98	115	98	100	81.6224	34.8	3.98
NODE_779_length_98_cov_298.714286	1	98	9	98	100	6.62245	34.8	11.4
NODE_780_length_98_cov_211.238095	1	98	24	98	100	20.8469	34.9	25.8
NODE_782_length_98_cov_142.619048	1	98	14	98	100	12.898	35.8	44.6
NODE_784_length_98_cov_132.428571	1	98	6	98	100	3.85714	34.1	26.2
NODE_785_length_98_cov_126.476190	1	98	48	98	100	34.2449	35.8	17
NODE_786_length_98_cov_117.714286	1	98	11	98	100	10.3878	33.3	22.3
NODE_787_length_98_cov_102.000000	1	98	28	95	96.9388	16.8367	35.3	3.57
NODE_789_length_98_cov_68.666667	1	98	4	52	53.0612	1.91837	31.1	0
NODE_790_length_98_cov_57.523810	1	98	11	98	100	9.03061	34.1	34.2
NODE_791_length_98_cov_50.285714	1	98	11	71	72.449	5.60204	31.7	23.5
NODE_792_length_98_cov_50.047619	1	98	108	98	100	72.1429	35.3	5.49
NODE_793_length_98_cov_44.333333	1	98	6	81	82.6531	3.04082	36.8	0
NODE_794_length_98_cov_34.142857	1	98	4	58	59.1837	1.90816	33.2	1.75
NODE_795_length_98_cov_32.761905	1	98	6	96	97.9592	4.14286	36.4	8.33
NODE_796_length_97_cov_3117.600000	1	97	133	97	100	109.227	35.9	25.7
NODE_797_length_97_cov_1277.200000	1	97	85	97	100	51.268	35.1	18.3
NODE_798_length_97_cov_1104.050000	1	97	18	96	98.9691	9.68041	35.4	0
NODE_799_length_97_cov_395.650000	1	97	69	97	100	41.268	34.9	15.4
NODE_800_length_97_cov_214.200000	1	97	2	94	96.9072	1.72165	32.5	11
NODE_801_length_97_cov_196.000000	1	97	6	92	94.8454	4.94845	36.3	0
NODE_802_length_97_cov_164.550000	1	97	56	97	100	43.1031	34.2	11.4
NODE_803_length_97_cov_155.700000	1	97	22	97	100	20.0103	35.1	23.2
NODE_804_length_97_cov_113.100000	1	97	51	97	100	44.7113	35.4	8.53
NODE_805_length_97_cov_56.100000	1	97	2	51	52.5773	1.05155	29.2	0
NODE_806_length_97_cov_48.400000	1	97	2	85	87.6289	1.75258	34.7	0
NODE_807_length_97_cov_45.900000	1	97	7	97	100	4.35052	34.4	9.29
NODE_808_length_97_cov_40.600000	1	97	29	97	100	23.6804	34.3	15.2
NODE_809_length_97_cov_36.750000	1	97	2	83	85.567	1.71134	35.9	46
NODE_810_length_96_cov_297.631579	1	96	1	50	52.0833	0.520833	33.4	0
NODE_811_length_96_cov_134.052632	1	96	3	95	98.9583	2.27083	32.7	3.33
NODE_812_length_96_cov_105.684211	1	96	43	96	100	32.9062	34	19.1
NODE_813_length_96_cov_42.421053	1	96	5	96	100	3.5625	33.8	14.6
NODE_814_length_95_cov_3191.333333	1	95	25	93	97.8947	15.2947	34.5	0
NODE_815_length_95_cov_3113.777778	1	95	43	95	100	32.6316	35.6	2.56
NODE_816_length_95_cov_2707.388889	1	95	56	95	100	41.8	34.6	0
NODE_817_length_95_cov_1455.888889	1	95	66	95	100	57.7158	34.6	24.9
NODE_818_length_95_cov_1333.722222	1	95	16	95	100	12.4842	34.1	0
NODE_819_length_95_cov_1009.777778	1	95	40	95	100	28.0947	35.1	10.1
NODE_820_length_95_cov_916.000000	1	95	85	95	100	62.5579	34.8	0
NODE_821_length_95_cov_837.888889	1	95	17	94	98.9474	11.1368	34.5	2.47
NODE_822_length_95_cov_760.722222	1	95	78	95	100	70.8421	34.6	27.1
NODE_823_length_95_cov_720.333333	1	95	17	95	100	12.6632	34.7	0
NODE_824_length_95_cov_706.388889	1	95	35	95	100	31.4421	35.3	34.2
NODE_825_length_95_cov_655.944444	1	95	15	95	100	12.6737	36.2	37.1
NODE_826_length_95_cov_530.055556	1	95	24	95	100	18.3263	34.7	19.2
NODE_827_length_95_cov_441.222222	1	95	23	95	100	15.7368	35.4	11
NODE_828_length_95_cov_382.666667	1	95	38	95	100	35.3368	35.2	24.9
NODE_829_length_95_cov_358.944444	1	95	22	95	100	14.0947	35.4	11.1
NODE_830_length_95_cov_341.055556	1	95	10	95	100	5.52632	36	1.1
NODE_831_length_95_cov_296.500000	1	95	33	95	100	22.4632	34.4	7.73
NODE_832_length_95_cov_240.055556	1	95	23	95	100	18.7789	35.2	19.5
NODE_833_length_95_cov_236.111111	1	95	10	84	88.4211	7.65263	35.2	1
NODE_834_length_95_cov_198.388889	1	95	11	95	100	9.12632	34.2	15.5
NODE_835_length_95_cov_161.166667	1	95	3	56	58.9474	1.22105	36.2	0
NODE_836_length_95_cov_158.500000	1	95	7	93	97.8947	5.65263	34	0
NODE_837_length_95_cov_113.500000	1	95	2	89	93.6842	1.87368	32.9	49
NODE_839_length_95_cov_104.166667	1	95	8	95	100	5.52632	35.1	12.2
NODE_840_length_95_cov_92.722222	1	95	10	95	100	7.07368	35.3	16.5
NODE_841_length_95_cov_76.277778	1	95	2	82	86.3158	1.72632	28	0
NODE_842_length_95_cov_73.055556	1	95	3	76	80	1.68421	32.5	0
NODE_843_length_95_cov_61.055556	1	95	21	94	98.9474	16.0421	34.7	7.76
NODE_844_length_95_cov_56.166667	1	95	11	95	100	7.33684	33.8	5.45
NODE_846_length_95_cov_28.111111	1	95	6	95	100	3.51579	33.2	4.67
NODE_847_length_94_cov_2016.647059	1	94	26	92	97.8723	20.6277	35	0
NODE_848_length_94_cov_548.352941	1	94	3	87	92.5532	1.7234	35.3	0
NODE_849_length_94_cov_466.235294	1	94	41	94	100	32.4894	35.1	19.5
NODE_850_length_94_cov_288.764706	1	94	11	94	100	6.76596	34.8	0
NODE_851_length_94_cov_282.176471	1	94	12	94	100	10.1915	34	23.3
NODE_852_length_94_cov_181.411765	1	94	4	82	87.234	3.01064	30	0
NODE_854_length_94_cov_159.588235	1	94	14	94	100	11.7128	35.9	14.9
NODE_855_length_94_cov_152.470588	1	94	8	90	95.7447	5.48936	35.8	7
NODE_856_length_94_cov_112.764706	1	94	32	94	100	14.0745	35	0.562
NODE_857_length_94_cov_85.529412	1	94	5	87	92.5532	3.80851	33.8	1.6
NODE_858_length_94_cov_68.647059	1	94	3	65	69.1489	1.98936	35.2	0
NODE_859_length_93_cov_665.562500	1	93	55	93	100	48.7527	34.5	20.2
NODE_860_length_93_cov_414.437500	1	93	71	93	100	63.6882	34	18
NODE_861_length_93_cov_323.250000	1	93	27	93	100	20.2903	35.4	11.9
NODE_862_length_93_cov_282.187500	1	93	2	47	50.5376	1.01075	36.7	0
NODE_863_length_93_cov_78.812500	1	93	2	88	94.6237	1.44086	31.7	0
NODE_864_length_93_cov_52.312500	1	93	3	91	97.8495	2.23656	33.8	7
NODE_865_length_92_cov_3318.000000	1	92	39	92	100	31.6196	35	0
NODE_866_length_92_cov_2294.200000	1	92	52	92	100	37.5217	34.4	0.212
NODE_867_length_92_cov_2032.533333	1	92	30	92	100	23.1848	34.8	11.8
NODE_868_length_92_cov_1619.333333	1	92	7	71	77.1739	3.65217	35.7	0.714
NODE_869_length_92_cov_1206.600000	1	92	28	92	100	20.75	34.7	0
NODE_870_length_92_cov_844.466667	1	92	35	92	100	19.0109	35.2	13.6
NODE_871_length_92_cov_783.466667	1	92	6	87	94.5652	3.93478	36.1	0
NODE_872_length_92_cov_687.333333	1	92	19	92	100	13.8804	33.3	0
NODE_873_length_92_cov_635.666667	1	92	1	48	52.1739	0.521739	27.9	0
NODE_874_length_92_cov_625.200000	1	92	30	87	94.5652	20.2609	34.6	8.77
NODE_875_length_92_cov_565.000000	1	92	30	92	100	21.0543	33.2	12
NODE_876_length_92_cov_547.866667	1	92	39	92	100	32.5652	35.3	20.5
NODE_877_length_92_cov_530.066667	1	92	26	92	100	21.3587	35.2	15.6
NODE_878_length_92_cov_528.800000	1	92	17	90	97.8261	10.087	35.7	0
NODE_879_length_92_cov_482.800000	1	92	21	92	100	14.6739	34.9	5.43
NODE_880_length_92_cov_468.133333	1	92	30	92	100	23.3587	35.5	18
NODE_881_length_92_cov_462.200000	1	92	4	79	85.8696	3.34783	32.3	0
NODE_882_length_92_cov_395.000000	1	92	5	76	82.6087	3.02174	34.4	18.8
NODE_883_length_92_cov_365.333333	1	92	4	92	100	2.45652	34.3	2.5
NODE_884_length_92_cov_358.666667	1	92	7	77	83.6957	4.23913	35.1	0
NODE_885_length_92_cov_337.133333	1	92	14	88	95.6522	10.5	35	18.3
NODE_886_length_92_cov_316.533333	1	92	18	91	98.913	13.0761	35.1	9.33
NODE_887_length_92_cov_312.933333	1	92	17	92	100	12.4783	34.3	0
NODE_888_length_92_cov_305.666667	1	92	10	86	93.4783	7.59783	35.4	0
NODE_889_length_92_cov_297.066667	1	92	25	92	100	20.1413	33.5	7.92
NODE_890_length_92_cov_240.066667	1	92	18	92	100	13.6196	32.1	29
NODE_891_length_92_cov_221.200000	1	92	2	92	100	2	36.9	9
NODE_892_length_92_cov_175.200000	1	92	10	91	98.913	9.30435	35.4	29.9
NODE_893_length_92_cov_139.333333	1	92	4	70	76.087	2.43478	36.8	0
NODE_894_length_92_cov_126.266667	1	92	19	92	100	10.337	33.8	2.42
NODE_895_length_92_cov_122.200000	1	92	14	87	94.5652	9.07609	33.7	0.286
NODE_896_length_92_cov_111.733333	1	92	2	82	89.1304	0.891304	36.9	0
NODE_897_length_92_cov_106.733333	1	92	3	92	100	2.93478	36.5	33.3
NODE_899_length_92_cov_102.800000	1	92	7	58	63.0435	3.92391	32.2	14.7
NODE_900_length_92_cov_96.333333	1	92	8	91	98.913	4.67391	34	3.25
NODE_901_length_92_cov_70.066667	1	92	6	87	94.5652	4.32609	35.9	1.67
NODE_902_length_92_cov_56.200000	1	92	6	87	94.5652	4.78261	34.6	5
NODE_903_length_92_cov_44.733333	1	92	17	92	100	9.59783	35.5	23.8
NODE_904_length_92_cov_38.600000	1	92	11	86	93.4783	6.66304	36.3	21.1
NODE_905_length_92_cov_37.066667	1	92	3	60	65.2174	1.8913	32.2	0
NODE_906_length_92_cov_37.066667	1	92	6	92	100	4.43478	34.7	29.7
NODE_907_length_92_cov_35.933333	1	92	2	86	93.4783	1.86957	36.8	46.5
NODE_908_length_91_cov_429.857143	1	91	57	91	100	43.956	35.3	10.1
NODE_909_length_91_cov_277.214286	1	91	22	91	100	19.3626	34.9	24.7
NODE_910_length_91_cov_276.928571	1	91	12	87	95.6044	7.68132	33.2	9.17
NODE_911_length_91_cov_156.428571	1	91	4	89	97.8022	2.56044	36.3	8.5
NODE_912_length_91_cov_145.214286	1	91	5	84	92.3077	3.94505	36.8	0
NODE_913_length_91_cov_135.285714	1	91	2	58	63.7363	1.27473	35.9	0
NODE_914_length_91_cov_101.571429	1	91	4	91	100	2.51648	29.7	2.25
NODE_915_length_90_cov_4464.461538	1	90	68	87	96.6667	49.4778	34.3	1.63
NODE_916_length_90_cov_1564.384615	1	90	42	90	100	32.7333	34.4	0
NODE_917_length_90_cov_452.769231	1	90	15	90	100	12.7667	34.1	16.3
NODE_918_length_90_cov_417.846154	1	90	39	90	100	35.2889	33.5	13.4
NODE_919_length_90_cov_397.923077	1	90	21	90	100	17.6	34.8	23.6
NODE_920_length_90_cov_355.769231	1	90	13	90	100	11.0333	33	14.8
NODE_921_length_90_cov_337.307692	1	90	10	86	95.5556	7.27778	33.3	2.1
NODE_922_length_90_cov_331.076923	1	90	9	88	97.7778	7.8	35.4	10.6
NODE_923_length_90_cov_311.846154	1	90	54	89	98.8889	28.5667	34.9	21.2
NODE_924_length_90_cov_203.615385	1	90	44	90	100	32.4778	35.5	19.1
NODE_925_length_90_cov_160.923077	1	90	6	73	81.1111	3.8	34.7	0
NODE_926_length_90_cov_133.000000	1	90	19	75	83.3333	7.08889	35.8	0
NODE_927_length_90_cov_97.076923	1	90	2	58	64.4444	1.28889	36.9	0
NODE_928_length_90_cov_77.230769	1	90	6	90	100	4.43333	34.8	18.3
NODE_929_length_90_cov_69.538462	1	90	14	90	100	7.06667	35.2	8.29
NODE_930_length_89_cov_4457.500000	1	89	76	89	100	50.5169	34.7	2.92
NODE_931_length_89_cov_2837.500000	1	89	13	89	100	10.1461	33.4	0
NODE_932_length_89_cov_2518.083333	1	89	15	89	100	11.1011	33.3	0.533
NODE_933_length_89_cov_1749.833333	1	89	74	89	100	57.1461	34.3	15.6
NODE_934_length_89_cov_1448.416667	1	89	14	84	94.382	10.7753	35.1	0
NODE_935_length_89_cov_1250.333333	1	89	85	89	100	62.6966	35.3	11.6
NODE_936_length_89_cov_1228.333333	1	89	35	89	100	28.427	35.7	10.8
NODE_937_length_89_cov_1133.000000	1	89	9	85	95.5056	7.25843	36.9	0
NODE_938_length_89_cov_1107.000000	1	89	11	84	94.382	8.13483	33.5	4
NODE_939_length_89_cov_983.416667	1	89	4	76	85.3933	2.65169	36.1	0
NODE_940_length_89_cov_842.000000	1	89	15	86	96.6292	10.2584	35.3	0
NODE_941_length_89_cov_725.750000	1	89	61	85	95.5056	45.4719	35.3	12.8
NODE_942_length_89_cov_649.500000	1	89	43	89	100	31.5955	34.4	12.6
NODE_943_length_89_cov_619.833333	1	89	18	81	91.0112	12.7753	35.5	0
NODE_944_length_89_cov_564.833333	1	89	3	81	91.0112	2.32584	32.8	22.7
NODE_945_length_89_cov_470.083333	1	89	3	82	92.1348	2.11236	33.5	0
NODE_946_length_89_cov_450.416667	1	89	1	89	100	1	27.8	0
NODE_947_length_89_cov_378.083333	1	89	5	85	95.5056	4.42697	34.4	19.2
NODE_949_length_89_cov_346.000000	1	89	34	87	97.7528	25.3034	35.4	3
NODE_950_length_89_cov_333.833333	1	89	14	89	100	12.3933	34.5	12
NODE_951_length_89_cov_302.500000	1	89	7	88	98.8764	3.83146	36.4	0
NODE_953_length_89_cov_300.250000	1	89	7	87	97.7528	4.65169	31.9	0.857
NODE_954_length_89_cov_278.833333	1	89	8	85	95.5056	6.11236	36.2	16
NODE_955_length_89_cov_266.750000	1	89	2	36	40.4494	0.808989	31.5	0
NODE_956_length_89_cov_251.750000	1	89	12	89	100	10.3258	36	27
NODE_957_length_89_cov_242.416667	1	89	14	89	100	9.46067	35.6	1.5
NODE_958_length_89_cov_242.000000	1	89	16	81	91.0112	10.382	35.4	0
NODE_959_length_89_cov_234.333333	1	89	15	79	88.764	9.23596	33.8	0.467
NODE_960_length_89_cov_223.083333	1	89	4	86	96.6292	2.70787	35.5	24.5
NODE_961_length_89_cov_204.916667	1	89	10	89	100	8.13483	32.8	26.8
NODE_962_length_89_cov_203.500000	1	89	33	89	100	29.5281	34.2	17.7
NODE_963_length_89_cov_198.666667	1	89	31	81	91.0112	21.9775	35.8	6.71
NODE_964_length_89_cov_168.250000	1	89	3	82	92.1348	2.02247	34.2	2.33
NODE_965_length_89_cov_144.333333	1	89	7	81	91.0112	5.13483	36.5	13.4
NODE_966_length_89_cov_138.750000	1	89	3	80	89.8876	2.08989	33.8	0
NODE_967_length_89_cov_138.333333	1	89	6	83	93.2584	5.1236	34	9
NODE_968_length_89_cov_137.500000	1	89	31	89	100	15.3371	32.5	2.68
NODE_969_length_89_cov_129.500000	1	89	10	71	79.7753	6.68539	35.8	0
NODE_970_length_89_cov_122.250000	1	89	8	84	94.382	4.8764	34	0
NODE_971_length_89_cov_120.750000	1	89	12	88	98.8764	9.4382	35.6	9.17
NODE_972_length_89_cov_114.083333	1	89	3	60	67.4157	1.49438	36.8	0
NODE_973_length_89_cov_112.000000	1	89	8	89	100	7.21348	33.9	21.5
NODE_974_length_89_cov_109.333333	1	89	8	85	95.5056	6.33708	35.7	7.75
NODE_975_length_89_cov_107.333333	1	89	7	89	100	5.7191	36.3	22.1
NODE_976_length_89_cov_106.083333	1	89	10	64	71.9101	5.40449	35.4	0
NODE_977_length_89_cov_59.666667	1	89	6	89	100	3.82022	34.9	3.17
NODE_978_length_89_cov_55.083333	1	89	3	81	91.0112	2.20225	32.4	0
NODE_979_length_89_cov_46.666667	1	89	4	75	84.2697	2.85393	34.9	0
NODE_980_length_89_cov_43.083333	1	89	8	64	71.9101	5.23596	35.2	0
NODE_982_length_89_cov_42.166667	1	89	2	32	35.9551	0.719101	30.8	3.5
NODE_983_length_89_cov_31.416667	1	89	6	80	89.8876	3.46067	34	0
NODE_984_length_89_cov_30.500000	1	89	10	82	92.1348	6.42697	32.1	9.7
NODE_985_length_88_cov_1759.818182	1	88	15	87	98.8636	9.27273	35.4	0.2
NODE_986_length_88_cov_977.909091	1	88	19	88	100	10.7727	34.6	16.2
NODE_987_length_88_cov_685.272727	1	88	38	88	100	32.1023	33.3	11.4
NODE_988_length_88_cov_643.727273	1	88	45	88	100	37.4318	33.7	7.29
NODE_989_length_88_cov_364.090909	1	88	18	88	100	13.9659	33.3	6.67
NODE_990_length_88_cov_345.636364	1	88	4	75	85.2273	2.72727	35	8.5
NODE_991_length_88_cov_287.181818	1	88	6	87	98.8636	4.01136	31.1	0
NODE_992_length_88_cov_261.363636	1	88	35	88	100	25.9432	35.3	6.83
NODE_993_length_88_cov_197.272727	1	88	4	83	94.3182	3.51136	33.2	23
NODE_994_length_88_cov_161.818182	1	88	18	86	97.7273	11.5795	34.3	5.83
NODE_995_length_88_cov_113.909091	1	88	2	42	47.7273	0.954545	36.6	0
NODE_996_length_88_cov_80.000000	1	88	8	86	97.7273	6.35227	36	0
NODE_997_length_88_cov_43.454545	1	88	2	79	89.7727	1.79545	33.9	45
NODE_999_length_87_cov_190.700000	1	87	6	69	79.3103	4.01149	33.8	0
NODE_1000_length_87_cov_178.400000	1	87	16	87	100	7.1954	35.4	13.4
NODE_1001_length_87_cov_142.400000	1	87	35	87	100	29.4368	34.6	8.51
NODE_1003_length_87_cov_113.900000	1	87	4	78	89.6552	1.68966	35.6	31.5
NODE_1004_length_87_cov_52.900000	1	87	5	68	78.1609	2.47126	33.2	0
NODE_1006_length_87_cov_37.800000	1	87	2	76	87.3563	1.4023	32	26
NODE_1007_length_86_cov_9580.444444	1	86	42	85	98.8372	27.6628	34.2	0
NODE_1008_length_86_cov_3755.777778	1	86	22	81	94.186	13.7558	35.2	0.227
NODE_1009_length_86_cov_2183.333333	1	86	6	77	89.5349	4.56977	35.9	0
NODE_1010_length_86_cov_2000.888889	1	86	59	85	98.8372	44.2558	35.8	0
NODE_1011_length_86_cov_1832.555556	1	86	39	85	98.8372	29.7209	34	1.05
NODE_1012_length_86_cov_1785.000000	1	86	1	74	86.0465	0.860465	33.9	0
NODE_1013_length_86_cov_1742.777778	1	86	155	86	100	114.581	35.2	0
NODE_1014_length_86_cov_1162.666667	1	86	9	69	80.2326	5.33721	36.3	0
NODE_1015_length_86_cov_1086.888889	1	86	50	86	100	34.3372	35.4	6.5
NODE_1016_length_86_cov_1067.000000	1	86	115	86	100	84.593	35.3	2.98
NODE_1017_length_86_cov_1013.444444	1	86	21	86	100	14.0349	34.1	0.0476
NODE_1019_length_86_cov_726.444444	1	86	12	84	97.6744	9.2093	35.8	3.83
NODE_1020_length_86_cov_702.222222	1	86	13	86	100	10.7674	35.5	15.6
NODE_1021_length_86_cov_681.111111	1	86	28	86	100	18.407	36.2	16.4
NODE_1022_length_86_cov_652.222222	1	86	10	77	89.5349	6.60465	35.4	6
NODE_1023_length_86_cov_638.888889	1	86	2	62	72.093	1.44186	36.7	0
NODE_1024_length_86_cov_593.444444	1	86	4	67	77.907	2.5	36.1	0
NODE_1025_length_86_cov_569.444444	1	86	5	62	72.093	3.13953	30.4	17.4
NODE_1026_length_86_cov_549.666667	1	86	9	86	100	6.31395	35.2	13.8
NODE_1027_length_86_cov_459.222222	1	86	5	85	98.8372	3.75581	33.8	0
NODE_1028_length_86_cov_451.333333	1	86	6	63	73.2558	3.31395	35.6	0
NODE_1029_length_86_cov_412.777778	1	86	10	81	94.186	6.2907	34.4	9.6
NODE_1030_length_86_cov_404.777778	1	86	20	86	100	14.8837	33.1	8.5
NODE_1031_length_86_cov_401.777778	1	86	17	86	100	11.2326	35.1	6
NODE_1032_length_86_cov_397.000000	1	86	63	86	100	59.8372	33.8	5.16
NODE_1035_length_86_cov_356.222222	1	86	6	86	100	4.67442	34.5	2
NODE_1036_length_86_cov_352.777778	1	86	5	75	87.2093	4.04651	36.3	0
NODE_1038_length_86_cov_302.888889	1	86	59	86	100	42.6744	34.8	0
NODE_1039_length_86_cov_300.888889	1	86	55	86	100	39.6628	35.4	14.9
NODE_1041_length_86_cov_247.222222	1	86	23	86	100	14.1163	35.3	7.35
NODE_1042_length_86_cov_221.000000	1	86	15	86	100	7.62791	34.2	9.8
NODE_1043_length_86_cov_199.777778	1	86	5	86	100	4.62791	36.4	21.6
NODE_1044_length_86_cov_195.333333	1	86	3	75	87.2093	1.95349	33.5	0
NODE_1045_length_86_cov_161.888889	1	86	7	80	93.0233	4	35.7	0
NODE_1046_length_86_cov_157.000000	1	86	5	86	100	4.10465	34.3	0.4
NODE_1047_length_86_cov_150.444444	1	86	7	86	100	5.26744	36.7	1.71
NODE_1048_length_86_cov_135.888889	1	86	3	86	100	2.30233	32.7	3.33
NODE_1049_length_86_cov_132.555556	1	86	9	86	100	5.67442	32	0
NODE_1051_length_86_cov_122.111111	1	86	4	74	86.0465	3.09302	30.5	0
NODE_1052_length_86_cov_114.444444	1	86	28	86	100	19.1744	33.7	22.6
NODE_1053_length_86_cov_110.666667	1	86	9	86	100	7.72093	35.2	14.6
NODE_1054_length_86_cov_104.222222	1	86	5	86	100	3.7907	35.1	4.2
NODE_1055_length_86_cov_101.333333	1	86	2	81	94.186	1.88372	36.1	54
NODE_1056_length_86_cov_99.444444	1	86	14	86	100	9.2093	36	1.5
NODE_1057_length_86_cov_90.000000	1	86	2	64	74.4186	0.744186	36.2	0
NODE_1060_length_86_cov_34.444444	1	86	6	86	100	5.40698	33.4	15.5
NODE_1061_length_85_cov_1352.375000	1	85	2	71	83.5294	1.2	31.8	0
NODE_1062_length_85_cov_636.000000	1	85	32	85	100	19.7765	34	4.22
NODE_1063_length_85_cov_609.375000	1	85	2	82	96.4706	1.92941	34.5	0
NODE_1064_length_85_cov_497.250000	1	85	14	85	100	10.2824	34.8	7.36
NODE_1065_length_85_cov_378.000000	1	85	48	85	100	37.7647	34.9	18.1
NODE_1066_length_85_cov_349.250000	1	85	6	84	98.8235	3.41176	29	0.333
NODE_1067_length_85_cov_329.625000	1	85	32	84	98.8235	25.8941	33.6	5.12
NODE_1068_length_85_cov_312.125000	1	85	44	75	88.2353	31.6118	34.2	15.6
NODE_1069_length_85_cov_203.125000	1	85	12	85	100	10.3294	34	2
NODE_1071_length_85_cov_66.500000	1	85	3	42	49.4118	1.45882	35	7.33
NODE_1072_length_84_cov_2003.857143	1	84	16	84	100	8.16667	33.5	0.375
NODE_1073_length_84_cov_1910.571429	1	84	89	84	100	55.131	34.6	11.3
NODE_1074_length_84_cov_1452.142857	1	84	29	84	100	25.0595	34.8	0.103
NODE_1075_length_84_cov_1444.000000	1	84	1	47	55.9524	0.559524	30	0
NODE_1076_length_84_cov_721.857143	1	84	103	84	100	81.0714	34.1	0.534
NODE_1077_length_84_cov_270.285714	1	84	2	68	80.9524	0.809524	32.5	30
NODE_1079_length_84_cov_186.000000	1	84	3	70	83.3333	1.96429	36.8	0
NODE_1080_length_84_cov_179.285714	1	84	1	38	45.2381	0.452381	27.5	13
NODE_1081_length_84_cov_164.571429	1	84	29	82	97.619	22.0714	34.5	4.72
NODE_1082_length_84_cov_44.000000	1	84	1	53	63.0952	0.630952	34.2	0
NODE_1083_length_83_cov_10721.500000	1	83	32	83	100	21.3494	33.9	0.125
NODE_1084_length_83_cov_7726.333333	1	83	145	82	98.7952	94.1807	34.9	9.18
NODE_1086_length_83_cov_2955.666667	1	83	50	83	100	38.6386	34.9	6.74
NODE_1087_length_83_cov_2661.833333	1	83	6	80	96.3855	5.13253	35.9	0
NODE_1088_length_83_cov_2408.333333	1	83	5	73	87.9518	3.80723	31.8	0
NODE_1089_length_83_cov_2336.333333	1	83	11	82	98.7952	8.18072	35.4	0
NODE_1090_length_83_cov_1487.666667	1	83	3	56	67.4699	1.73494	34.7	0
NODE_1091_length_83_cov_1299.500000	1	83	10	82	98.7952	7.0241	33.8	7
NODE_1092_length_83_cov_1270.000000	1	83	20	83	100	14.506	35.1	3.9
NODE_1093_length_83_cov_1103.833333	1	83	22	79	95.1807	13.6627	34.8	0
NODE_1094_length_83_cov_1017.166667	1	83	105	83	100	73.2771	35.4	18.2
NODE_1095_length_83_cov_973.166667	1	83	5	62	74.6988	2.45783	30.5	0
NODE_1096_length_83_cov_869.166667	1	83	17	83	100	12.2048	31.7	0.471
NODE_1097_length_83_cov_756.333333	1	83	4	81	97.5904	3.15663	34	5.5
NODE_1098_length_83_cov_710.666667	1	83	9	78	93.9759	7.26506	35.5	8.22
NODE_1099_length_83_cov_571.666667	1	83	27	83	100	20.6627	34.2	0.185
NODE_1100_length_83_cov_528.500000	1	83	6	83	100	4.83133	33.2	0.5
NODE_1101_length_83_cov_528.500000	1	83	8	62	74.6988	4	31.4	8.12
NODE_1103_length_83_cov_463.833333	1	83	4	77	92.7711	2.91566	32.2	0
NODE_1104_length_83_cov_418.500000	1	83	6	83	100	5.72289	33.5	13.3
NODE_1106_length_83_cov_380.000000	1	83	4	57	68.6747	2.45783	33.3	0
NODE_1107_length_83_cov_375.833333	1	83	6	82	98.7952	5.44578	36.2	25.3
NODE_1108_length_83_cov_354.000000	1	83	8	68	81.9277	6.15663	35.6	0
NODE_1109_length_83_cov_349.166667	1	83	15	83	100	11.6145	32.7	3.67
NODE_1110_length_83_cov_344.166667	1	83	1	79	95.1807	0.951807	29.8	14
NODE_1113_length_83_cov_216.000000	1	83	17	80	96.3855	10.6747	36	0
NODE_1117_length_83_cov_185.333333	1	83	14	83	100	9.93976	35.2	10.6
NODE_1118_length_83_cov_182.666667	1	83	9	76	91.5663	5.27711	31.1	0
NODE_1119_length_83_cov_156.833333	1	83	4	50	60.241	2.21687	34.6	0
NODE_1120_length_83_cov_152.833333	1	83	7	76	91.5663	3.6747	35	0
NODE_1123_length_84_cov_107.833333	1	84	7	84	100	5.7619	34	9.14
NODE_1124_length_83_cov_107.666667	1	83	20	83	100	15.241	33.4	5.85
NODE_1125_length_83_cov_94.833333	1	83	4	67	80.7229	2.85542	33.7	0
NODE_1126_length_83_cov_82.333333	1	83	3	74	89.1566	2.49398	34	25.3
NODE_1127_length_83_cov_68.666667	1	83	2	58	69.8795	1.39759	34.9	0
NODE_1128_length_83_cov_65.500000	1	83	8	83	100	5.86747	34	10
NODE_1129_length_83_cov_62.500000	1	83	3	82	98.7952	2.20482	30.7	0
NODE_1130_length_83_cov_55.333333	1	83	2	53	63.8554	1.27711	36.5	0
NODE_1131_length_83_cov_55.166667	1	83	10	80	96.3855	5.85542	35.4	0
NODE_1132_length_83_cov_53.500000	1	83	2	67	80.7229	1.61446	35.9	0
NODE_1133_length_83_cov_53.333333	1	83	2	58	69.8795	1.39759	37	0
NODE_1136_length_83_cov_47.666667	1	83	3	48	57.8313	1.56627	35.5	0
NODE_1137_length_83_cov_46.166667	1	83	2	53	63.8554	1.27711	35.8	0
NODE_1138_length_82_cov_44.833333	1	82	1	56	68.2927	0.682927	27.2	60
NODE_1140_length_82_cov_10381.200000	1	82	30	82	100	21.6707	33.6	0.133
NODE_1141_length_82_cov_1236.200000	1	82	3	82	100	2.63415	36.7	0.333
NODE_1142_length_82_cov_479.800000	1	82	1	78	95.122	0.95122	30.7	0
NODE_1143_length_82_cov_340.800000	1	82	4	76	92.6829	2.95122	33.3	0
NODE_1144_length_82_cov_336.000000	1	82	16	82	100	8.92683	33.4	0
NODE_1147_length_82_cov_126.600000	1	82	3	82	100	1.9878	33.7	0
NODE_1148_length_82_cov_120.400000	1	82	2	58	70.7317	1.41463	36.7	0
NODE_1150_length_82_cov_79.600000	1	82	6	82	100	5.14634	34.9	4.5
NODE_1151_length_81_cov_10112.000000	1	81	1	51	62.963	0.62963	36.8	0
NODE_1152_length_81_cov_2256.750000	1	81	6	80	98.7654	4.61728	34.3	5.33
NODE_1153_length_81_cov_2157.250000	1	81	7	81	100	5.83951	32.5	0.714
NODE_1154_length_81_cov_1315.500000	1	81	10	81	100	7.2716	33.8	0
NODE_1155_length_81_cov_727.500000	1	81	29	81	100	20.0123	35	0.931
NODE_1158_length_81_cov_243.000000	1	81	2	65	80.2469	1.53086	36.7	0
NODE_1159_length_81_cov_223.000000	1	81	9	79	97.5309	5.81481	34	0
NODE_1160_length_80_cov_7495.333333	1	80	18	67	83.75	9.2625	34.5	0
NODE_1161_length_80_cov_2032.333333	1	80	11	76	95	7.775	35.5	0
NODE_1162_length_80_cov_1872.333333	1	80	2	69	86.25	1.725	31.9	0
NODE_1163_length_80_cov_1754.333333	1	80	4	79	98.75	2.3625	34.6	0.75
NODE_1164_length_80_cov_1501.666667	1	80	15	76	95	9.275	35	0
NODE_1165_length_80_cov_1287.000000	1	80	2	73	91.25	1.575	36.5	0
NODE_1166_length_80_cov_1184.666667	1	80	2	51	63.75	1.275	37	0
NODE_1167_length_80_cov_1093.000000	1	80	3	79	98.75	1.725	32	2
NODE_1168_length_80_cov_1092.666667	1	80	8	65	81.25	4.625	35.9	0
NODE_1169_length_80_cov_1090.333333	1	80	6	64	80	4.025	36.7	0
NODE_1170_length_80_cov_1012.333333	1	80	4	72	90	3.55	35.4	0
NODE_1171_length_80_cov_918.333333	1	80	10	80	100	6.5	36.2	4.5
NODE_1172_length_80_cov_878.333333	1	80	1	77	96.25	0.9625	29.6	3
NODE_1173_length_80_cov_702.000000	1	80	37	80	100	26.25	35.2	0.27
NODE_1174_length_80_cov_650.666667	1	80	1	57	71.25	0.7125	32.2	0
NODE_1176_length_80_cov_608.666667	1	80	5	65	81.25	3.2	36.7	0
NODE_1177_length_80_cov_498.333333	1	80	4	75	93.75	2.325	35.3	0
NODE_1178_length_80_cov_456.333333	1	80	10	79	98.75	7.025	34.1	0
NODE_1179_length_80_cov_453.666667	1	80	18	80	100	12.575	34.9	17.9
NODE_1180_length_80_cov_447.333333	1	80	4	80	100	2.0375	31.1	15.5
NODE_1181_length_80_cov_439.333333	1	80	1	35	43.75	0.4375	37	0
NODE_1183_length_80_cov_386.000000	1	80	4	80	100	3.75	36.1	17.5
NODE_1184_length_80_cov_380.666667	1	80	3	74	92.5	1.525	29.1	0
NODE_1185_length_80_cov_377.333333	1	80	5	79	98.75	2.8375	36.3	0
NODE_1187_length_80_cov_359.000000	1	80	8	76	95	6.8	34.1	0
NODE_1188_length_80_cov_336.333333	1	80	32	80	100	23.1	34.2	0
NODE_1190_length_80_cov_303.333333	1	80	3	67	83.75	2.3125	32	9
NODE_1191_length_80_cov_297.000000	1	80	5	74	92.5	3.7375	35.3	0
NODE_1192_length_80_cov_222.666667	1	80	3	71	88.75	1.8	34.9	0.333
NODE_1193_length_80_cov_204.333333	1	80	2	71	88.75	1.775	36.5	0
NODE_1194_length_80_cov_201.333333	1	80	2	69	86.25	1.725	36.3	0
NODE_1195_length_80_cov_194.666667	1	80	9	80	100	7.2875	34.6	14.2
NODE_1196_length_80_cov_192.333333	1	80	2	51	63.75	1.275	36.6	0
NODE_1197_length_80_cov_183.333333	1	80	59	80	100	43.5875	35.6	0
NODE_1198_length_80_cov_181.333333	1	80	1	42	52.5	0.525	37	20
NODE_1199_length_80_cov_181.000000	1	80	14	71	88.75	9.4125	36.5	1.86
NODE_1201_length_80_cov_160.333333	1	80	1	55	68.75	0.6875	36.6	0
NODE_1202_length_80_cov_141.000000	1	80	6	74	92.5	4.1375	36.6	0
NODE_1203_length_80_cov_130.666667	1	80	1	65	81.25	0.8125	36.6	0
NODE_1204_length_80_cov_128.666667	1	80	4	78	97.5	2.95	34.3	0
NODE_1205_length_80_cov_123.666667	1	80	1	48	60	0.6	33.8	13
NODE_1206_length_80_cov_122.000000	1	80	10	80	100	7.875	35.4	8.4
NODE_1208_length_80_cov_97.666667	1	80	2	33	41.25	0.825	35.4	0
NODE_1209_length_80_cov_91.000000	1	80	1	30	37.5	0.375	32	0
NODE_1210_length_80_cov_85.000000	1	80	7	75	93.75	5.6125	35.7	0.286
NODE_1211_length_80_cov_84.666667	1	80	3	80	100	2.2	29	14
NODE_1212_length_80_cov_84.000000	1	80	8	79	98.75	5.8375	34.4	0.5
NODE_1213_length_80_cov_76.000000	1	80	3	71	88.75	2.3125	35.2	0
NODE_1214_length_80_cov_76.000000	1	80	44	80	100	37.425	34.7	2.18
NODE_1215_length_80_cov_47.000000	1	80	11	80	100	9.325	34.5	0.364
NODE_1217_length_80_cov_44.000000	1	80	2	74	92.5	1.85	35.4	0
NODE_1218_length_80_cov_40.333333	1	80	3	79	98.75	2.375	35.7	0
NODE_1219_length_80_cov_38.000000	1	80	20	80	100	10.95	34.8	39.3
NODE_1220_length_80_cov_34.000000	1	80	7	77	96.25	4.2125	36.1	9.14
NODE_1221_length_80_cov_33.666667	1	80	2	59	73.75	1.475	36.5	0
NODE_1223_length_79_cov_1542.000000	1	79	7	79	100	3.91139	35.9	0.571
NODE_1224_length_79_cov_1313.000000	1	79	20	79	100	16.1139	33.4	0
NODE_1225_length_79_cov_1290.000000	1	79	27	79	100	24.6582	34.8	1.37
NODE_1226_length_79_cov_963.500000	1	79	35	79	100	27.5443	34.2	3.14
NODE_1228_length_79_cov_739.000000	1	79	19	65	82.2785	13.2278	36.2	0
NODE_1229_length_79_cov_442.000000	1	79	11	79	100	8.06329	34.9	0
NODE_1230_length_79_cov_432.000000	1	79	3	79	100	2.63291	30.4	0
NODE_1231_length_79_cov_333.000000	1	79	4	74	93.6709	2.4557	33.3	0
NODE_1232_length_79_cov_332.500000	1	79	3	79	100	2	34.4	0
NODE_1233_length_79_cov_300.500000	1	79	3	76	96.2025	2.39241	36.2	0
NODE_1234_length_79_cov_290.500000	1	79	29	79	100	26.557	34.8	18.3
NODE_1235_length_79_cov_272.500000	1	79	5	74	93.6709	3.02532	33.6	0.8
NODE_1236_length_79_cov_271.000000	1	79	9	79	100	7.35443	35.1	0
NODE_1237_length_79_cov_222.000000	1	79	6	79	100	4.20253	35.5	0
NODE_1238_length_79_cov_188.500000	1	79	5	79	100	2.77215	33.4	0
NODE_1239_length_79_cov_183.500000	1	79	3	52	65.8228	1.49367	35.9	0
NODE_1240_length_79_cov_144.500000	1	79	4	78	98.7342	2.91139	31.7	0
NODE_1241_length_79_cov_132.000000	1	79	1	68	86.0759	0.860759	27.8	0
NODE_1242_length_79_cov_122.000000	1	79	4	63	79.7468	2.46835	35.4	0
NODE_1243_length_79_cov_116.000000	1	79	3	63	79.7468	1.50633	34.1	0
NODE_1244_length_79_cov_116.000000	1	79	2	69	87.3418	1.74684	36.4	0
NODE_1245_length_79_cov_108.500000	1	79	5	51	64.557	3.1519	36.3	0
NODE_1246_length_79_cov_107.000000	1	79	1	70	88.6076	0.886076	25.7	0
NODE_1248_length_79_cov_67.000000	1	79	12	78	98.7342	8.96203	34.3	0
NODE_1249_length_79_cov_63.000000	1	79	14	77	97.4684	10.0759	32.4	0
NODE_1252_length_79_cov_42.500000	1	79	12	79	100	8.92405	33.5	0
NODE_1253_length_79_cov_30.000000	1	79	8	78	98.7342	5.8481	35.2	0
NODE_1254_length_78_cov_15719.000000	1	78	5	78	100	3.08974	32.1	0
NODE_1255_length_78_cov_1707.000000	1	78	2	75	96.1538	0.974359	33.2	0
NODE_1256_length_78_cov_1061.000000	1	78	41	78	100	31.6795	34.6	0
NODE_1257_length_78_cov_952.000000	1	78	1	73	93.5897	0.935897	30.1	0
NODE_1258_length_78_cov_907.000000	1	78	7	73	93.5897	4.97436	35.9	0
NODE_1259_length_78_cov_799.000000	1	78	105	78	100	94.4103	34.6	20.5
NODE_1260_length_78_cov_756.000000	1	78	2	68	87.1795	1.35897	36.4	0
NODE_1261_length_78_cov_423.000000	1	78	18	75	96.1538	14.5385	34.8	10.8
NODE_1262_length_78_cov_403.000000	1	78	7	77	98.7179	4.26923	35.8	0
NODE_1263_length_78_cov_397.000000	1	78	16	78	100	13.0641	33	0
NODE_1264_length_78_cov_346.000000	1	78	6	70	89.7436	4.96154	34.8	0
NODE_1265_length_78_cov_341.000000	1	78	21	78	100	17.3333	35.1	1.29
NODE_1267_length_78_cov_218.000000	1	78	12	78	100	6.58974	34.3	0
NODE_1268_length_78_cov_196.000000	1	78	5	74	94.8718	3.5641	32.2	0
NODE_1269_length_78_cov_119.000000	1	78	7	78	100	5.66667	33.7	6.14
NODE_641_length_113_cov_71.666667	1	113	0	0	0	0	0	0
NODE_650_length_113_cov_1.138889	1	113	0	0	0	0	0	0
NODE_658_length_111_cov_64.676471	1	111	0	0	0	0	0	0
NODE_698_length_105_cov_7.678571	1	105	0	0	0	0	0	0
NODE_705_length_104_cov_142.333333	1	104	0	0	0	0	0	0
NODE_774_length_98_cov_768.809524	1	98	0	0	0	0	0	0
NODE_778_length_98_cov_326.666667	1	98	0	0	0	0	0	0
NODE_781_length_98_cov_179.857143	1	98	0	0	0	0	0	0
NODE_783_length_98_cov_134.476190	1	98	0	0	0	0	0	0
NODE_788_length_98_cov_72.666667	1	98	0	0	0	0	0	0
NODE_838_length_95_cov_106.777778	1	95	0	0	0	0	0	0
NODE_845_length_95_cov_41.888889	1	95	0	0	0	0	0	0
NODE_853_length_94_cov_173.000000	1	94	0	0	0	0	0	0
NODE_898_length_92_cov_106.533333	1	92	0	0	0	0	0	0
NODE_948_length_89_cov_358.583333	1	89	0	0	0	0	0	0
NODE_952_length_89_cov_302.166667	1	89	0	0	0	0	0	0
NODE_981_length_89_cov_43.000000	1	89	0	0	0	0	0	0
NODE_998_length_87_cov_372.500000	1	87	0	0	0	0	0	0
NODE_1002_length_87_cov_117.800000	1	87	0	0	0	0	0	0
NODE_1005_length_87_cov_51.700000	1	87	0	0	0	0	0	0
NODE_1018_length_86_cov_885.888889	1	86	0	0	0	0	0	0
NODE_1033_length_86_cov_393.222222	1	86	0	0	0	0	0	0
NODE_1034_length_86_cov_391.888889	1	86	0	0	0	0	0	0
NODE_1037_length_86_cov_343.222222	1	86	0	0	0	0	0	0
NODE_1040_length_86_cov_287.333333	1	86	0	0	0	0	0	0
NODE_1050_length_86_cov_122.777778	1	86	0	0	0	0	0	0
NODE_1058_length_86_cov_59.888889	1	86	0	0	0	0	0	0
NODE_1059_length_86_cov_48.555556	1	86	0	0	0	0	0	0
NODE_1070_length_85_cov_113.125000	1	85	0	0	0	0	0	0
NODE_1078_length_84_cov_188.857143	1	84	0	0	0	0	0	0
NODE_1085_length_83_cov_5517.833333	1	83	0	0	0	0	0	0
NODE_1102_length_83_cov_503.000000	1	83	0	0	0	0	0	0
NODE_1105_length_83_cov_402.166667	1	83	0	0	0	0	0	0
NODE_1111_length_83_cov_266.333333	1	83	0	0	0	0	0	0
NODE_1112_length_83_cov_253.500000	1	83	0	0	0	0	0	0
NODE_1114_length_83_cov_216.000000	1	83	0	0	0	0	0	0
NODE_1115_length_83_cov_214.333333	1	83	0	0	0	0	0	0
NODE_1116_length_83_cov_211.500000	1	83	0	0	0	0	0	0
NODE_1121_length_83_cov_151.500000	1	83	0	0	0	0	0	0
NODE_1122_length_83_cov_108.166667	1	83	0	0	0	0	0	0
NODE_1134_length_83_cov_52.833333	1	83	0	0	0	0	0	0
NODE_1135_length_83_cov_48.333333	1	83	0	0	0	0	0	0
NODE_1139_length_83_cov_26.166667	1	83	0	0	0	0	0	0
NODE_1145_length_82_cov_245.400000	1	82	0	0	0	0	0	0
NODE_1146_length_82_cov_129.200000	1	82	0	0	0	0	0	0
NODE_1149_length_82_cov_95.800000	1	82	0	0	0	0	0	0
NODE_1156_length_81_cov_474.500000	1	81	0	0	0	0	0	0
NODE_1157_length_81_cov_452.750000	1	81	0	0	0	0	0	0
NODE_1175_length_80_cov_645.666667	1	80	0	0	0	0	0	0
NODE_1182_length_80_cov_428.666667	1	80	0	0	0	0	0	0
NODE_1186_length_80_cov_368.666667	1	80	0	0	0	0	0	0
NODE_1189_length_80_cov_321.666667	1	80	0	0	0	0	0	0
NODE_1200_length_80_cov_174.666667	1	80	0	0	0	0	0	0
NODE_1207_length_80_cov_113.000000	1	80	0	0	0	0	0	0
NODE_1216_length_80_cov_45.666667	1	80	0	0	0	0	0	0
NODE_1222_length_80_cov_7.666667	1	80	0	0	0	0	0	0
NODE_1227_length_79_cov_819.000000	1	79	0	0	0	0	0	0
NODE_1247_length_79_cov_90.500000	1	79	0	0	0	0	0	0
NODE_1250_length_79_cov_45.000000	1	79	0	0	0	0	0	0
NODE_1251_length_79_cov_42.500000	1	79	0	0	0	0	0	0
NODE_1266_length_78_cov_265.000000	1	78	0	0	0	0	0	0
