#rname	startpos	endpos	numreads	covbases	coverage	meandepth	meanbaseq	meanmapq
NODE_1_length_1135595_cov_48.047297	1	1135595	825032	1135595	100	103.829	35.2	60
NODE_2_length_848811_cov_48.580983	1	848811	623557	848811	100	104.98	35.2	60
NODE_3_length_740418_cov_49.713687	1	740418	555558	740418	100	107.351	35.2	60
NODE_4_length_681720_cov_50.188072	1	681720	517060	681720	100	108.396	35.2	60
NODE_5_length_557703_cov_50.968110	1	557703	436312	557630	99.9869	111.54	35.2	59.7
NODE_6_length_544070_cov_48.181695	1	544070	397198	544070	100	104.191	35.2	59.9
NODE_7_length_530747_cov_47.372574	1	530747	381318	530747	100	102.487	35.2	60
NODE_8_length_476297_cov_48.741279	1	476297	350808	476297	100	105.283	35.2	60
NODE_9_length_402432_cov_50.122499	1	402432	304817	402430	99.9995	108.283	35.2	60
NODE_10_length_368534_cov_47.766961	1	368534	267685	368534	100	103.535	35.2	60
NODE_11_length_362919_cov_50.895051	1	362919	279753	362919	100	110.098	35.2	59.9
NODE_12_length_353186_cov_49.931571	1	353186	266736	353186	100	107.935	35.2	60
NODE_13_length_337130_cov_49.910168	1	337130	254508	337130	100	107.872	35.2	60
NODE_14_length_294507_cov_50.012733	1	294507	222713	294507	100	108.087	35.2	59.9
NODE_15_length_287459_cov_48.994941	1	287459	212314	287454	99.9983	105.697	35.2	60
NODE_16_length_284143_cov_47.885104	1	284143	205398	284143	100	103.345	35.2	60
NODE_17_length_238291_cov_49.625946	1	238291	179509	238291	100	107.594	35.2	59.9
NODE_18_length_230432_cov_51.822895	1	230432	180138	230432	100	111.735	35.2	60
NODE_19_length_228207_cov_50.341976	1	228207	173962	228207	100	108.847	35.2	60
NODE_20_length_209845_cov_52.916594	1	209845	169212	209845	100	114.958	35.2	59.8
NODE_21_length_188953_cov_52.064434	1	188953	148918	188953	100	112.553	35.2	60
NODE_22_length_188868_cov_47.033142	1	188868	135300	188868	100	102.188	35.2	60
NODE_23_length_185042_cov_50.027475	1	185042	139952	185042	100	108.022	35.2	59.9
NODE_24_length_178648_cov_48.655902	1	178648	130929	178648	100	104.9	35.2	60
NODE_25_length_166960_cov_47.811305	1	166960	135667	166960	100	110.219	35.2	58.4
NODE_26_length_158077_cov_49.607259	1	158077	118829	158077	100	107.44	35.2	59.9
NODE_27_length_134160_cov_48.148856	1	134160	97642	134160	100	104.042	35.2	59.9
NODE_28_length_118777_cov_47.868854	1	118777	85733	118777	100	103.223	35.2	60
NODE_29_length_96039_cov_49.058106	1	96039	71335	96039	100	106.029	35.2	60
NODE_30_length_91049_cov_51.419426	1	91049	70680	91049	100	110.994	35.2	59.9
NODE_31_length_88140_cov_49.864302	1	88140	66288	88140	100	107.437	35.2	59.9
NODE_32_length_83093_cov_49.093235	1	83093	62674	83093	100	106.802	35.2	60
NODE_33_length_78615_cov_55.882426	1	78615	99730	78615	100	177.65	35.2	57.3
NODE_34_length_71029_cov_51.322401	1	71029	64319	71029	100	119.488	35.2	59.6
NODE_35_length_58970_cov_49.713260	1	58970	44203	58970	100	106.942	35.2	59.7
NODE_36_length_58614_cov_50.868135	1	58614	45114	58614	100	109.841	35.2	59.9
NODE_37_length_46411_cov_54.174515	1	46411	38092	46411	100	116.778	35.2	59.5
NODE_38_length_34234_cov_53.188775	1	34234	27309	34234	100	114.288	35.2	59.9
NODE_39_length_30133_cov_57.752262	1	30133	27457	30133	100	127.158	35.2	59
NODE_40_length_26805_cov_646.080889	1	26805	276120	26805	100	1436.56	35.3	60
NODE_41_length_24556_cov_46.265044	1	24556	17539	24556	100	100.607	35.1	58.7
NODE_42_length_19276_cov_56.376061	1	19276	22757	19276	100	161.988	35.2	56.4
NODE_43_length_19258_cov_56.591940	1	19258	21966	19258	100	146.709	35.3	58.3
NODE_44_length_15737_cov_86.537420	1	15737	19292	15737	100	164.676	34.9	50
NODE_45_length_11376_cov_69.706169	1	11376	20621	11376	100	223.399	35.1	52.9
NODE_46_length_9834_cov_79.371938	1	9834	26222	9834	100	348.47	35.3	58.2
NODE_47_length_8369_cov_39.869875	1	8369	17902	8369	100	285.245	34.9	48
NODE_48_length_7946_cov_56.670479	1	7946	7020	7946	100	125.572	35.2	59
NODE_49_length_6327_cov_46.909440	1	6327	4524	6327	100	100.741	35.2	58.8
NODE_50_length_5629_cov_57.533682	1	5629	6768	5629	100	153.593	35.3	57
NODE_51_length_4289_cov_70.729820	1	4289	9265	4289	100	256.337	35.2	47.4
NODE_52_length_3802_cov_63.114362	1	3802	4365	3802	100	159.137	35.3	58.2
NODE_53_length_3799_cov_998.995164	1	3799	59092	3799	100	2168.27	35.2	60
NODE_54_length_3284_cov_143.010290	1	3284	8965	3284	100	371.96	35.1	42.3
NODE_55_length_2250_cov_931.543948	1	2250	33473	2250	100	2037.41	35.1	60
NODE_56_length_1834_cov_57.914058	1	1834	1557	1834	100	120.002	35.1	59.5
NODE_57_length_1754_cov_861.311866	1	1754	24633	1754	100	1891.4	35.1	60
NODE_58_length_1404_cov_865.736247	1	1404	18933	1404	100	1840.14	35.2	59.8
NODE_59_length_1332_cov_55.405578	1	1332	1088	1332	100	114.356	35.2	57.9
NODE_60_length_1245_cov_953.547089	1	1245	19394	1245	100	2064.83	35.2	59.9
NODE_61_length_1223_cov_84.094241	1	1223	2023	1223	100	207.316	35.2	52.9
NODE_62_length_1209_cov_87.631625	1	1209	10162	1209	100	1076.36	35.1	42.9
NODE_63_length_1086_cov_56.184341	1	1086	6846	1086	100	459.691	35.3	59.1
NODE_64_length_1051_cov_97.901437	1	1051	1571	1051	100	203.547	35.3	59.6
NODE_65_length_1028_cov_274.522608	1	1028	4286	1028	100	483.391	35.1	43.9
NODE_66_length_994_cov_61.653217	1	994	1648	994	100	214.846	35.4	60
NODE_67_length_926_cov_72.566549	1	926	1483	926	100	204.482	35.3	60
NODE_68_length_924_cov_1.386068	1	924	16	924	100	2.6039	35.3	60
NODE_69_length_917_cov_1.735714	1	917	20	917	100	3.2868	35.4	60
NODE_70_length_878_cov_1.364544	1	878	19	878	100	3.11048	34.7	60
NODE_71_length_876_cov_1.713392	1	876	22	876	100	3.70091	34.6	60
NODE_72_length_870_cov_56.991173	1	870	693	870	100	111.177	35.2	58.6
NODE_73_length_824_cov_67.832664	1	824	1342	824	100	201.803	35.3	56.6
NODE_74_length_771_cov_1.704611	1	771	21	771	100	3.71077	34.6	60
NODE_75_length_751_cov_113.724036	1	751	1804	751	100	283.475	35.3	55.6
NODE_76_length_702_cov_1.776000	1	702	16	702	100	3.38177	34.8	60
NODE_77_length_688_cov_115.427169	1	688	3862	688	100	713.756	34.9	42
NODE_78_length_687_cov_87.708197	1	687	1015	687	100	193.854	35.4	59.7
NODE_79_length_621_cov_1.055147	1	621	14	621	100	2.46538	35.1	57.1
NODE_80_length_620_cov_933.957643	1	620	9052	620	100	1904.2	35.1	59.7
NODE_81_length_599_cov_2.164751	1	599	17	599	100	4.22871	34.6	60
NODE_82_length_585_cov_1.669291	1	585	12	585	100	3.08718	35.6	60
NODE_83_length_582_cov_2.443564	1	582	18	582	100	4.50172	35.4	60
NODE_84_length_552_cov_1269.913684	1	552	22488	552	100	3904.47	35.2	35.4
NODE_85_length_548_cov_1.237792	1	548	8	548	100	2.18978	36.1	60
NODE_86_length_546_cov_882.695096	1	546	8134	546	100	1864.08	35.2	59.5
NODE_87_length_543_cov_1.890558	1	543	16	543	100	3.96317	35.5	60
NODE_88_length_527_cov_97.386667	1	527	1008	527	100	243.159	35.2	58.1
NODE_89_length_527_cov_1.675556	1	527	11	527	100	3.03795	36.1	60
NODE_90_length_523_cov_685.363229	1	523	6390	523	100	1701.75	35.2	59.2
NODE_91_length_522_cov_79.038202	1	522	2198	522	100	566.525	35.1	32.7
NODE_92_length_512_cov_1.494253	1	512	10	512	100	2.94922	33.6	60
NODE_93_length_508_cov_2.000000	1	508	14	508	100	3.83071	34.5	60
NODE_94_length_503_cov_1.570423	1	503	10	503	100	2.99801	34.6	60
